0	236	380	380	235	200	224	516	284	505	418	518	151	474	633	147	141	284	144	288	64	382	630	291	270	637	538	260	548	451	403	430	406	488	355	655	170	180	285	143	247	693	333	406	261	394	489	568	534	482	465	201	169	431	381	214	100	474	601	312	271	362	360	407	330	536	473	527	125	155	381	339	227	302	458	379	412	367	272	653	122	349	520	538	556	286	357	325	307	289	455	480	461	181	293	595	627	374	612	235	266	208	353	180	401	563	438	646	123	358	350	227	498	456	374	150	177	184	647	173	283	181	509	83	326	543	346	493	586	397	195	551	284	370	421	236	408	606	231	462	551	429	390	182	174	102	303	596	615	448	369	535	328	133	129	165	100	285	462	243	188	274	559	606	313	464	483	368	210	473	197	378	486	292	498	173	366	365	430	201	489	236	162	377	471	637	205	444	560	150	317	613	175	483	120	284	227	406	600	478	211	384	316	429	538	551	226	386	500	556	447	314	194	115	568	68	308	383	172	337	256	552	279	583	286	707	305	242	156	642	317	254	485	143	191	295	377	494	399	308	268	184	211	600	315	296	329	320	358	270	532	387	266	243	410	
236	0	234	380	381	200	452	519	156	597	650	348	388	258	429	383	274	165	281	53	268	240	667	514	228	685	306	497	529	215	366	475	380	552	286	681	396	408	451	369	219	709	538	476	136	465	481	339	310	587	268	400	404	467	326	342	312	339	465	425	359	310	133	513	491	428	270	584	136	385	286	271	247	99	222	511	284	251	471	447	241	115	403	479	572	57	590	123	121	278	587	369	587	300	516	493	643	172	634	466	488	419	576	359	364	574	205	446	125	287	121	78	448	236	186	116	164	415	670	378	519	229	580	243	346	543	201	367	657	578	412	528	259	321	316	472	379	542	12	592	502	586	252	267	163	247	402	643	583	213	244	307	245	267	320	238	135	250	413	367	81	170	506	629	548	559	375	355	72	283	402	409	551	313	585	371	321	316	468	158	293	426	181	492	369	638	263	535	602	204	225	393	198	369	251	519	429	178	468	321	139	380	96	379	380	495	300	200	607	543	223	259	158	185	424	239	235	188	253	110	177	600	269	403	56	494	455	302	101	439	297	483	390	115	331	499	595	318	218	539	470	103	57	646	340	485	166	528	199	501	600	180	422	475	260	
380	234	0	235	380	200	536	343	386	488	727	138	511	166	271	509	477	396	323	216	437	453	501	577	146	526	269	614	333	253	191	345	209	423	115	505	548	557	449	522	164	523	567	369	122	362	302	278	230	491	120	579	513	331	558	553	479	105	233	376	311	542	169	432	474	194	137	445	257	532	82	113	210	306	283	458	52	46	504	292	443	256	168	263	400	193	672	321	115	179	520	137	514	511	579	260	463	103	459	554	554	479	633	549	189	397	215	278	324	518	273	175	242	169	379	234	206	558	492	552	628	239	453	429	236	361	36	132	520	570	483	330	494	151	93	583	207	319	246	523	290	548	19	275	389	440	347	487	374	234	464	247	476	317	501	455	307	484	213	350	310	107	292	455	646	459	144	207	306	113	577	283	424	224	473	428	555	149	333	389	134	458	226	426	140	448	248	435	447	249	456	281	223	137	451	616	475	306	235	97	372	232	283	186	158	280	523	390	512	351	177	128	188	391	195	419	468	373	470	277	128	450	180	204	251	353	435	528	316	278	173	566	163	326	346	534	641	119	61	621	507	332	290	489	573	503	381	565	36	587	468	353	417	566	29	
380	380	235	0	234	199	430	142	531	253	590	320	451	400	470	453	516	538	249	392	444	620	287	444	152	307	504	529	168	481	58	110	44	189	120	301	513	515	281	491	164	331	407	138	249	133	110	511	462	259	350	569	437	96	691	593	474	236	314	185	148	672	383	209	289	228	368	213	304	494	155	126	157	476	509	249	207	189	356	490	489	454	231	173	193	369	544	498	303	104	298	198	288	556	447	261	265	328	254	448	428	362	488	559	59	196	444	467	399	655	468	301	132	404	562	300	237	510	290	542	533	201	219	458	55	168	235	230	289	379	377	171	606	84	170	496	48	237	389	298	178	338	222	200	482	475	159	265	235	463	623	481	614	255	508	521	366	600	104	201	424	215	187	249	537	226	195	28	433	336	563	52	189	88	238	323	682	86	98	496	358	320	237	211	182	265	174	203	224	236	596	502	218	205	492	509	346	515	306	275	487	5	463	87	307	182	590	575	279	177	411	125	233	453	303	444	600	560	533	467	203	224	114	378	423	553	255	603	412	473	83	453	176	414	232	383	484	321	296	500	362	441	419	268	666	342	546	411	255	475	235	546	255	461	242	
235	381	380	234	0	199	197	334	490	272	360	506	237	531	650	241	372	493	104	420	287	590	414	211	234	416	623	299	381	564	284	229	277	268	289	444	309	307	72	293	218	487	187	191	308	180	321	642	597	248	497	378	216	237	612	438	299	433	536	83	86	593	457	174	110	454	512	307	248	290	331	280	171	475	582	144	381	342	127	671	357	490	450	407	359	405	311	500	377	206	221	411	226	411	214	494	425	433	407	215	194	129	260	383	284	369	536	654	323	586	499	322	366	523	560	265	222	297	438	352	300	159	284	317	185	360	358	438	358	201	146	386	516	278	364	267	280	469	384	228	408	207	378	118	397	336	88	377	450	552	583	609	551	118	337	400	286	516	338	33	377	293	418	401	302	232	411	241	396	493	369	203	265	171	267	98	598	275	235	421	514	86	202	143	397	443	136	214	347	177	538	660	189	417	354	275	111	556	530	459	424	240	477	316	507	414	460	573	265	382	522	257	236	345	517	302	532	565	408	491	267	336	202	572	437	733	75	477	351	656	224	219	399	344	50	157	263	495	428	266	131	385	389	382	550	123	525	187	379	240	307	560	41	228	402	
200	200	200	199	199	0	336	342	340	397	529	337	314	335	470	313	325	346	123	230	263	434	479	380	70	494	424	414	365	365	209	281	216	355	155	497	359	365	272	333	47	530	379	276	109	265	309	445	402	386	308	400	313	275	493	403	300	281	405	228	160	474	258	312	306	337	321	389	104	341	183	139	47	299	384	315	220	175	313	491	295	299	322	342	390	212	473	323	177	97	389	281	388	364	382	395	463	235	451	353	356	281	438	379	207	395	336	478	199	458	310	129	303	326	387	101	39	364	487	372	428	41	382	268	154	368	171	297	460	400	284	366	406	172	223	383	216	410	207	394	357	396	204	82	283	284	203	451	428	352	433	412	418	117	329	323	166	401	267	177	228	98	365	446	446	358	284	181	240	308	396	217	354	119	385	229	483	166	275	297	328	267	39	293	272	465	66	334	412	51	401	469	25	285	299	415	280	365	403	293	290	202	294	233	350	356	393	400	407	376	324	114	42	254	375	255	403	389	336	304	73	408	86	404	252	550	268	405	213	477	124	366	285	214	156	344	449	319	238	422	315	244	227	455	467	318	362	375	189	387	403	379	240	365	227	
224	452	536	430	197	336	0	530	505	429	199	672	99	664	806	106	306	504	213	503	231	601	592	71	394	587	742	103	578	664	477	423	471	447	467	625	165	155	181	166	373	669	137	379	435	369	519	768	729	397	642	241	66	432	576	342	211	608	721	270	283	558	564	338	211	642	654	484	321	152	505	454	331	526	674	285	550	507	110	827	309	567	635	604	549	496	139	549	497	383	340	595	353	333	72	687	611	562	592	18	48	68	129	270	476	561	645	814	347	562	571	423	563	650	598	347	338	140	621	224	102	297	456	272	378	555	507	618	520	226	54	583	482	464	542	73	474	666	450	349	606	286	539	264	391	286	284	553	647	657	585	734	538	219	242	355	321	486	533	229	412	433	615	586	110	394	595	434	435	644	230	401	444	358	429	111	559	460	430	419	663	118	316	307	582	633	293	382	528	290	531	801	314	600	300	80	90	628	717	626	431	436	538	508	680	612	390	610	407	578	645	429	357	330	698	263	517	607	355	558	409	516	376	739	506	886	215	410	380	814	407	31	587	367	203	111	157	655	572	88	102	408	434	558	483	142	553	119	525	51	477	611	190	31	563	
516	519	343	142	334	342	530	0	672	207	661	385	568	498	526	571	655	680	377	527	579	759	158	527	292	184	602	633	56	597	156	108	140	133	240	164	635	635	357	616	306	189	473	157	385	164	41	602	553	231	443	697	549	98	833	730	605	303	325	260	257	815	506	225	347	246	461	130	447	616	261	252	299	614	627	283	301	301	437	544	629	584	264	137	56	503	625	634	432	247	296	251	282	695	530	242	124	445	116	547	517	462	560	691	158	55	558	517	542	797	600	441	121	507	697	443	380	628	151	670	631	341	155	596	191	26	354	283	195	419	480	63	749	202	256	601	141	167	529	293	117	358	326	334	625	614	246	148	119	577	763	576	756	386	641	662	508	743	134	305	566	351	125	113	628	203	244	164	574	424	690	138	137	227	192	431	825	207	100	639	444	412	379	246	236	122	311	193	111	376	738	576	360	257	631	603	440	642	313	349	630	141	599	157	358	131	731	710	245	49	519	260	376	594	332	581	742	695	674	600	341	119	257	428	559	604	325	744	555	526	224	548	217	557	348	459	548	397	403	586	445	584	560	149	808	415	685	482	372	567	158	679	340	559	341	
284	156	386	531	490	340	505	672	0	732	692	485	419	368	537	413	236	11	386	172	280	100	817	575	380	833	375	519	684	273	522	621	535	695	442	833	398	413	554	376	367	862	617	615	292	604	635	413	401	718	394	372	445	614	172	276	314	489	610	549	488	156	247	642	597	580	391	729	247	395	442	427	387	91	260	630	437	406	554	552	213	167	554	635	724	193	631	93	271	427	708	523	711	242	576	646	796	307	786	515	549	492	635	323	520	727	285	559	168	131	155	233	605	342	104	240	301	425	822	359	546	359	721	241	493	697	355	518	799	674	479	684	125	476	471	503	534	698	145	714	658	696	404	390	117	232	531	790	739	283	94	388	89	371	304	181	204	113	569	484	114	326	663	781	581	693	530	508	99	414	379	556	693	458	722	452	169	471	615	88	418	514	311	618	524	793	394	669	751	327	69	484	330	523	225	556	509	185	616	466	73	532	121	535	521	652	212	112	738	698	324	414	300	177	569	246	84	117	191	141	331	747	418	533	138	589	565	204	139	549	448	534	545	146	440	579	660	453	359	585	551	105	112	794	213	575	52	604	350	548	742	132	528	521	410	
505	597	488	253	272	397	429	207	732	0	508	566	498	654	714	503	644	738	363	622	559	829	174	400	381	162	757	530	261	730	304	144	285	75	373	210	572	568	250	560	382	256	329	123	482	132	232	765	716	35	603	645	470	160	872	710	571	481	527	193	244	853	627	98	217	444	621	85	485	554	408	377	350	696	756	143	459	442	320	733	627	688	458	343	183	601	485	720	544	330	107	435	91	683	403	448	213	578	193	442	399	370	414	654	306	196	694	708	575	842	701	523	318	657	784	493	434	556	211	621	519	373	53	588	260	217	486	468	91	250	392	269	778	337	420	502	289	373	604	101	324	177	476	344	655	607	204	135	310	712	827	735	805	376	609	669	537	776	317	262	619	452	333	188	505	40	429	281	633	589	635	205	72	287	16	362	860	339	157	676	610	316	422	129	418	248	338	63	128	406	789	753	403	441	625	487	343	753	517	524	674	257	689	323	547	338	731	797	39	248	664	370	438	609	529	573	787	785	677	697	433	113	335	618	647	795	218	748	597	715	322	436	405	594	313	330	393	571	549	459	328	631	622	140	819	289	759	343	507	452	61	774	252	452	496	
418	650	727	590	360	529	199	661	692	508	0	860	272	862	999	278	471	689	406	701	411	782	682	151	582	669	940	179	715	863	643	553	634	551	648	718	305	290	309	321	563	764	188	503	632	497	660	967	927	473	837	364	248	565	738	483	380	791	897	408	445	721	764	441	313	814	850	583	521	302	688	637	518	720	873	381	737	695	234	1020	484	765	811	758	666	695	60	743	695	564	402	772	418	489	148	851	716	759	696	184	173	248	101	409	643	679	844	1006	541	730	768	622	719	849	789	546	535	275	718	361	150	489	550	451	544	682	700	798	595	258	246	721	649	638	723	189	637	815	648	409	755	332	729	452	575	462	431	643	780	856	764	933	712	413	401	526	518	656	694	393	606	628	765	690	111	484	771	600	628	837	353	550	547	531	514	299	720	635	563	603	857	274	512	415	758	745	480	482	629	486	708	998	509	777	473	135	253	825	891	814	618	596	735	675	865	763	545	800	475	710	843	613	553	515	877	445	691	799	523	755	603	615	558	927	703	1080	339	565	574	1006	584	168	759	560	383	206	115	846	767	111	228	600	630	648	631	249	741	180	719	149	567	804	334	175	753	
518	348	138	320	506	337	672	385	485	566	860	0	649	149	149	648	608	496	458	315	573	534	537	709	278	567	237	752	355	275	263	422	281	494	219	532	687	695	572	660	298	538	694	458	257	454	347	226	182	577	98	715	651	406	655	682	616	84	135	489	429	641	240	529	591	154	109	506	394	671	177	226	342	397	308	565	124	165	632	170	574	329	127	264	439	295	806	405	229	300	618	134	609	640	712	206	487	178	489	690	687	612	764	683	262	432	239	149	453	614	346	303	265	171	452	370	345	697	518	689	765	375	523	563	341	395	172	102	578	687	619	350	603	241	150	721	278	296	360	619	293	655	132	408	511	573	460	533	372	254	550	208	574	454	637	581	441	592	252	475	429	245	291	488	782	543	141	296	420	74	713	372	496	339	550	562	655	242	409	506	81	588	365	529	149	463	380	522	496	387	553	191	361	128	582	752	607	359	144	46	487	315	369	242	41	279	647	461	596	375	189	248	327	520	94	553	570	443	596	355	267	503	304	66	347	233	554	650	440	153	285	701	168	452	477	663	769	32	130	756	636	451	405	534	687	628	468	693	161	723	533	419	540	702	110	
151	388	511	451	237	314	99	568	419	498	272	649	0	621	774	7	208	417	205	440	139	511	651	170	380	650	688	109	611	603	488	466	487	504	461	681	74	69	249	68	357	724	235	428	398	418	550	718	682	468	606	150	33	472	479	243	113	595	716	319	311	461	510	402	287	643	616	543	269	57	495	447	323	450	610	356	534	489	195	794	215	500	632	622	596	437	212	472	452	383	420	591	431	234	170	695	662	519	644	102	148	131	223	172	488	606	589	785	271	466	501	373	581	604	517	295	305	60	676	129	131	281	518	179	396	594	478	610	588	320	109	615	385	466	534	85	489	688	383	428	629	374	517	259	303	192	325	613	680	599	494	685	444	204	143	260	252	391	548	263	335	404	638	638	163	460	592	448	358	612	139	432	501	368	496	139	461	462	471	331	629	183	284	370	580	680	289	445	584	263	438	759	289	595	205	136	159	557	714	606	345	456	466	519	664	632	291	528	482	614	596	421	323	242	688	173	423	526	258	488	382	573	374	716	438	851	280	311	304	782	409	120	589	290	220	204	254	629	538	167	188	328	361	618	384	227	468	217	493	131	540	533	246	105	539	
474	258	166	400	531	335	664	498	368	654	862	149	621	0	171	618	533	379	457	211	519	400	656	714	300	683	104	729	479	127	353	510	372	588	281	656	643	654	602	616	313	667	715	535	229	528	457	113	66	657	56	656	630	496	530	601	563	205	284	537	470	518	126	598	631	295	40	608	351	629	246	279	360	277	159	621	198	212	649	188	499	201	266	395	555	200	803	279	168	341	686	257	679	559	716	353	612	102	610	681	690	614	773	616	351	550	93	191	381	489	216	247	386	26	316	325	326	659	642	632	747	377	618	499	401	513	175	233	682	727	615	475	492	316	242	701	369	438	269	688	424	710	178	417	419	504	508	645	507	107	419	81	451	449	576	495	381	480	364	504	339	238	424	608	770	625	265	372	324	80	656	449	589	386	638	563	532	314	498	408	67	602	349	590	269	592	395	601	606	375	432	138	353	253	510	740	615	217	293	160	386	397	247	342	190	412	554	323	678	499	45	291	308	444	243	492	451	305	510	228	264	610	340	174	237	236	592	553	359	183	338	695	292	373	491	680	785	120	106	752	651	359	311	647	579	653	340	711	154	716	632	280	570	692	159	
633	429	271	470	650	470	806	526	537	714	999	149	774	171	0	771	702	548	593	383	682	561	673	848	417	704	190	880	490	276	413	571	431	641	367	664	803	813	717	776	436	663	838	607	375	603	490	158	142	726	167	821	779	555	696	771	726	233	223	638	576	685	298	679	739	283	160	651	507	788	325	372	481	447	302	714	271	307	775	21	668	370	261	397	578	371	943	447	326	445	768	279	759	729	851	315	620	261	624	823	825	750	905	784	411	569	254	25	548	655	384	407	405	196	476	482	470	816	650	797	895	510	669	665	490	533	298	245	721	835	754	484	663	391	300	850	427	413	439	769	425	805	271	546	591	672	608	672	495	260	582	164	619	587	741	666	544	650	398	619	510	372	421	623	915	692	285	446	496	162	821	522	643	487	698	699	699	391	557	580	144	729	492	679	295	591	520	672	638	516	600	81	491	272	678	885	746	373	236	195	558	465	416	391	168	410	726	482	745	510	213	393	451	613	199	658	620	464	681	397	396	646	448	98	409	83	701	725	529	12	432	836	310	542	617	806	912	155	235	892	778	530	482	673	750	773	507	836	281	857	679	439	686	835	247	
147	383	509	453	241	313	106	571	413	503	278	648	7	618	771	0	201	410	206	436	132	505	655	177	380	655	685	113	613	599	490	470	488	509	461	686	69	65	254	61	357	728	242	432	396	421	553	714	679	474	604	143	40	475	472	236	106	595	716	323	313	454	507	407	293	644	614	548	266	51	495	447	323	445	605	361	533	488	202	792	208	495	632	623	599	433	218	467	449	383	426	591	437	227	177	696	666	516	648	109	155	137	230	165	489	609	585	783	266	459	496	370	582	601	511	292	303	57	680	122	136	280	523	173	398	597	477	610	593	327	115	618	378	467	534	90	490	690	378	434	631	380	516	260	296	185	329	618	683	595	487	681	437	205	136	253	248	384	549	266	330	403	640	642	169	465	593	449	353	609	133	434	506	369	501	143	454	462	474	325	627	188	283	375	580	684	290	450	588	262	431	756	288	595	198	143	165	552	714	605	339	458	461	520	663	634	284	522	487	617	592	421	321	236	687	166	416	521	251	483	381	577	374	714	433	848	285	304	298	780	410	128	589	284	223	211	261	627	536	173	194	323	355	623	377	233	462	225	492	138	545	527	251	112	538	
141	274	477	516	372	325	306	655	236	644	471	608	208	533	702	201	0	231	286	324	86	316	771	377	392	779	574	293	685	476	533	571	539	630	475	796	167	183	415	150	370	834	437	547	355	535	626	609	584	621	538	136	240	572	270	78	95	579	708	451	413	252	408	546	459	652	542	668	227	168	496	459	360	295	473	514	517	474	386	721	33	364	632	667	696	332	413	312	381	420	588	593	596	40	378	713	768	442	753	310	354	317	432	88	532	703	474	719	155	259	359	304	628	511	340	245	294	196	788	122	322	315	650	58	464	682	441	602	727	513	298	687	178	496	534	283	540	735	264	596	682	555	490	321	126	40	445	737	750	479	296	579	241	274	70	57	170	184	592	383	196	378	689	747	360	604	597	502	214	551	142	518	627	428	638	296	253	491	571	150	563	357	285	516	587	776	343	584	702	281	238	667	302	595	26	338	342	406	709	573	171	520	320	558	634	681	88	349	638	693	497	436	307	89	671	73	220	353	51	344	366	694	409	669	306	769	438	107	173	713	448	329	603	159	331	402	462	580	480	373	380	178	225	742	182	414	289	420	448	338	673	365	400	313	506	
284	165	396	538	493	346	504	680	11	738	689	496	417	379	548	410	231	0	389	182	277	98	824	574	387	840	385	516	692	284	530	627	543	700	451	840	394	409	556	373	375	870	617	621	301	609	643	423	412	723	405	366	443	621	162	268	311	499	621	553	493	146	257	647	599	590	402	735	252	391	451	436	393	102	270	634	447	416	555	563	209	178	564	644	732	204	629	104	281	434	712	533	714	234	575	656	803	318	793	513	548	492	634	316	528	735	296	570	170	122	165	241	613	353	111	245	307	421	829	353	543	364	727	238	499	704	364	528	805	676	479	692	115	484	481	500	542	708	154	718	667	698	414	394	114	228	535	797	748	294	89	399	80	374	299	175	207	102	578	488	119	335	672	788	578	698	539	515	106	425	373	562	699	464	727	453	159	479	621	85	429	515	316	622	533	801	399	674	757	331	60	495	335	533	221	553	509	195	626	476	73	540	132	544	532	661	204	118	743	706	335	422	307	174	580	243	73	124	185	151	339	754	425	544	148	600	568	195	142	560	456	532	555	148	443	579	659	464	370	583	551	108	119	801	202	576	59	604	360	546	748	141	531	519	420	
144	281	323	249	104	123	213	377	386	363	406	458	205	457	593	206	286	389	0	323	204	486	485	256	181	492	542	297	415	474	283	287	283	344	257	511	264	267	171	242	160	550	262	261	228	249	354	565	523	342	431	321	198	288	512	357	228	396	514	170	127	492	370	266	212	438	444	382	146	245	294	244	120	373	490	245	337	294	195	614	266	393	428	418	414	311	349	398	294	177	323	387	327	326	259	489	485	356	469	231	233	157	316	314	282	422	450	601	219	484	401	229	377	446	457	164	133	262	503	293	308	83	365	228	194	404	294	408	442	297	160	418	416	261	332	265	285	485	283	330	426	310	326	53	296	247	159	451	483	465	479	532	448	14	264	306	182	415	343	102	273	222	435	463	324	322	388	244	292	432	314	239	341	164	355	106	498	256	288	319	451	148	110	238	375	496	84	301	416	84	435	592	104	392	264	293	158	458	510	413	320	254	376	313	468	429	370	470	361	420	443	218	150	246	487	213	430	462	315	391	197	408	168	525	337	674	179	386	247	601	203	243	383	240	53	225	328	442	361	298	195	281	285	456	457	205	422	255	313	264	388	459	143	243	349	
288	53	216	392	420	230	503	527	172	622	701	315	440	211	383	436	324	182	323	0	321	238	680	563	243	700	253	549	531	163	371	494	387	572	288	691	449	461	492	422	239	716	584	499	143	489	488	286	260	614	228	452	456	484	344	389	365	318	438	458	390	328	85	542	530	410	227	602	183	438	280	275	274	90	171	545	268	241	517	400	291	70	384	473	582	24	641	108	102	295	620	354	618	348	565	476	651	136	643	517	537	467	625	409	369	583	152	402	177	303	80	100	446	188	170	160	199	468	679	430	571	264	601	295	365	550	187	347	676	620	461	530	288	325	305	524	385	534	60	624	498	624	235	304	207	298	434	657	581	160	248	255	261	311	372	284	188	277	412	404	128	177	502	639	600	585	361	366	112	246	454	427	571	334	609	418	341	320	485	197	253	471	218	524	356	643	295	560	617	243	241	343	233	353	302	571	475	136	444	294	175	392	71	379	350	490	343	183	635	547	173	268	188	236	397	291	256	168	299	75	191	616	287	366	34	446	493	342	151	394	310	534	378	166	371	546	643	283	187	590	516	148	99	661	373	529	165	575	180	552	620	154	462	526	239	
64	268	437	444	287	263	231	579	280	559	411	573	139	519	682	132	86	277	204	321	0	372	690	302	333	696	574	240	613	482	467	492	471	547	418	716	128	141	328	102	310	755	356	465	316	453	553	607	576	535	514	141	167	493	348	153	44	534	661	367	331	329	399	461	372	599	521	586	180	119	443	402	292	317	485	428	471	426	302	702	80	374	582	602	618	323	351	338	356	353	502	541	509	124	303	658	689	421	673	238	277	234	360	116	466	626	473	696	144	331	373	275	563	499	379	203	238	150	708	115	266	245	567	41	390	606	402	554	643	429	216	616	252	434	482	222	472	671	261	509	615	469	448	245	163	56	361	655	680	481	355	574	307	194	66	126	138	256	527	299	204	332	623	668	301	519	545	433	226	524	140	441	544	356	553	210	332	429	492	192	539	271	225	430	534	700	270	499	621	214	300	657	238	545	72	276	257	426	661	535	207	448	336	494	595	615	175	390	552	620	488	377	254	103	628	34	286	389	129	359	316	612	343	637	313	754	352	193	174	692	382	257	548	159	247	320	388	548	451	306	296	194	231	660	267	329	330	340	412	269	589	397	313	243	467	
382	240	453	620	590	434	601	759	100	829	782	534	511	400	561	505	316	98	486	238	372	0	908	671	468	925	381	607	767	285	606	714	620	789	524	922	483	498	654	463	458	949	715	711	374	699	721	419	418	816	437	447	539	707	141	338	402	551	666	648	586	136	295	740	697	646	431	823	346	482	518	510	481	148	262	730	505	480	653	573	299	204	619	711	813	262	723	132	340	517	808	591	810	312	672	711	883	362	874	609	645	590	730	397	604	815	308	584	268	105	187	318	684	374	84	336	396	511	910	438	635	456	816	331	585	783	426	581	894	774	577	766	158	560	543	593	619	772	230	813	736	796	472	488	209	320	629	882	819	300	26	400	86	471	386	259	304	146	649	584	213	409	740	870	671	790	598	595	196	460	455	648	788	551	818	552	149	555	707	181	460	613	407	717	594	878	491	766	842	425	80	497	426	590	310	647	608	187	672	522	171	621	170	616	573	728	269	79	836	782	355	499	393	270	624	338	103	96	266	179	418	839	508	573	204	601	665	255	239	573	537	628	616	246	539	677	757	502	416	678	650	205	207	886	233	674	74	702	417	641	837	121	628	615	474	
630	667	501	287	414	479	592	158	817	174	682	537	651	656	673	655	771	824	485	680	690	908	0	570	439	32	759	695	183	755	313	201	295	146	397	37	723	721	411	708	449	82	501	225	536	237	199	758	710	209	600	793	626	204	972	843	709	458	460	331	358	953	664	253	384	390	618	107	581	704	419	407	433	764	785	310	459	459	486	690	749	739	413	276	101	657	658	786	587	390	281	404	265	811	573	369	60	603	50	607	567	529	588	795	315	106	717	662	676	938	755	589	273	666	849	581	518	711	41	767	687	469	136	713	324	143	512	436	95	424	550	189	883	358	414	665	297	274	677	274	248	351	485	452	759	732	330	39	192	735	910	733	898	497	747	786	640	879	292	394	707	502	253	50	675	200	397	313	718	580	783	262	149	360	168	511	962	362	204	775	600	475	513	285	390	99	436	209	69	505	880	728	493	410	749	655	503	799	447	504	769	287	751	315	508	264	853	863	209	163	677	412	517	721	475	698	883	848	797	754	490	78	399	575	711	747	377	868	692	672	371	603	370	693	444	500	567	552	561	629	494	723	704	34	936	457	834	515	530	619	116	833	405	618	499	
291	514	577	444	211	380	71	527	575	400	151	709	170	714	848	177	377	574	256	563	302	671	570	0	431	562	796	138	578	722	495	418	487	430	497	605	231	219	169	235	412	650	79	371	484	363	521	820	779	366	688	306	137	429	648	411	282	640	747	267	297	630	620	318	186	665	701	465	380	220	537	486	367	591	734	260	585	544	89	869	381	629	661	615	539	555	100	615	549	413	302	622	317	404	3	705	596	612	576	69	25	99	62	338	495	552	701	855	414	633	634	478	575	702	666	404	388	204	602	291	122	339	434	343	396	550	550	647	491	172	101	585	553	488	572	119	490	674	512	310	614	241	578	301	461	358	288	531	646	714	656	787	609	265	313	427	386	558	548	244	478	478	623	570	104	369	621	452	501	687	294	407	426	381	403	150	631	485	427	489	707	124	365	289	608	622	329	362	510	338	602	849	361	627	372	87	102	691	741	663	501	450	603	527	714	621	461	678	373	576	697	461	406	400	726	334	588	675	427	622	453	497	407	775	569	930	202	481	447	855	433	51	610	435	232	70	86	695	618	60	82	476	500	536	554	114	621	61	569	56	454	677	189	71	602	
270	228	146	152	234	70	394	292	380	381	582	278	380	300	417	380	392	387	181	243	333	468	439	431	0	457	396	478	308	353	146	250	157	328	85	453	428	434	304	403	23	482	421	258	101	248	256	413	366	377	263	470	378	241	542	470	370	215	336	238	170	523	248	309	331	267	278	359	166	410	114	69	64	325	377	324	156	112	357	438	361	308	252	276	345	221	528	347	164	51	393	211	389	430	434	325	416	208	406	412	409	334	487	449	145	347	320	423	258	505	322	150	239	295	411	156	98	433	442	442	490	99	357	336	121	317	125	229	433	427	341	308	460	105	154	446	157	344	237	396	293	411	146	130	339	352	210	415	368	337	471	380	464	178	399	386	228	453	202	205	274	71	300	401	505	346	214	128	282	259	466	183	328	94	367	284	533	100	242	349	280	312	108	296	202	413	102	321	374	121	445	426	95	215	366	475	329	372	334	232	339	152	313	167	286	290	457	424	398	320	297	44	88	317	307	323	450	411	400	319	52	373	45	344	272	500	292	467	265	424	68	423	215	270	200	388	494	263	195	478	360	293	268	418	525	357	394	419	146	445	376	397	272	424	170	
637	685	526	307	416	494	587	184	833	162	669	567	650	683	704	655	779	840	492	700	696	925	32	562	457	0	786	689	213	780	336	213	318	148	419	62	724	720	406	709	466	103	491	231	556	243	225	786	738	196	628	794	625	218	986	849	713	486	492	333	366	967	686	249	377	421	646	110	594	705	443	429	447	783	809	303	485	483	479	721	758	760	443	307	128	677	647	805	609	407	267	433	251	819	564	401	93	627	82	602	560	526	576	799	339	135	742	693	688	952	775	607	302	692	869	595	533	710	71	769	680	481	132	720	340	172	535	465	74	411	547	219	896	381	441	660	321	306	694	260	280	337	510	462	771	739	335	42	225	760	926	761	913	504	751	796	652	892	319	398	722	522	285	81	666	193	426	334	734	608	785	277	151	375	158	512	975	384	218	789	628	472	526	281	419	131	447	205	83	517	895	758	507	439	757	648	499	821	479	533	783	307	771	341	538	295	862	882	194	193	703	432	533	732	506	705	897	868	806	774	509	86	416	606	730	779	373	877	706	703	389	597	399	706	449	492	554	580	586	621	488	738	721	39	946	450	852	505	554	613	110	853	404	612	525	
538	306	269	504	623	424	742	602	375	757	940	237	688	104	190	685	574	385	542	253	574	381	759	796	396	786	0	798	581	101	457	614	476	692	384	758	701	714	695	675	407	768	803	638	315	631	561	38	56	760	158	704	701	600	520	634	618	304	365	635	567	511	177	699	726	391	141	712	421	690	350	381	453	288	119	720	302	315	737	198	542	213	362	495	658	251	881	282	247	440	786	358	781	594	798	443	714	189	713	757	771	696	856	661	455	653	100	215	431	481	222	318	488	101	298	395	408	720	744	683	818	465	722	548	503	616	275	331	787	822	695	577	500	420	345	771	473	533	313	789	524	808	282	506	451	551	607	749	606	94	404	29	447	532	625	529	439	487	467	598	378	330	524	711	844	728	366	476	359	179	707	552	693	486	742	646	525	418	602	434	161	690	431	690	370	693	487	704	710	458	430	117	438	353	553	814	700	195	376	258	412	501	260	447	277	511	580	302	781	601	100	392	391	487	327	544	452	285	543	237	355	714	439	239	267	220	687	575	404	202	440	773	393	419	580	767	870	213	208	830	738	395	349	751	588	742	336	797	253	793	736	260	663	768	263	
260	497	614	529	299	414	103	633	519	530	179	752	109	729	880	113	293	516	297	549	240	607	695	138	478	689	798	0	680	712	573	526	569	550	555	728	126	111	284	143	456	773	217	482	505	473	621	827	791	497	713	188	101	535	559	305	204	694	811	373	382	542	620	441	312	735	723	587	378	125	592	542	417	556	718	386	634	589	209	900	308	608	726	702	653	547	124	578	560	474	437	685	451	310	137	783	715	627	695	87	131	171	166	230	572	664	698	890	378	551	609	482	661	712	619	404	409	96	724	182	29	378	559	278	476	658	582	706	621	311	153	685	470	556	630	32	571	766	492	445	706	378	619	351	402	287	387	656	749	708	588	794	534	300	223	349	361	477	631	330	442	508	715	689	68	496	686	531	465	717	176	502	547	453	531	206	541	552	533	430	735	222	388	409	673	737	381	485	632	365	531	867	391	690	296	57	193	664	808	708	447	534	574	604	764	711	366	630	506	681	704	516	428	343	785	274	513	630	344	595	485	619	466	819	546	958	318	386	410	888	499	93	680	396	298	202	201	733	644	97	201	433	468	661	453	240	570	199	598	82	579	637	294	77	642	
548	529	333	168	381	365	578	56	684	261	715	355	611	479	490	613	685	692	415	531	613	767	183	578	308	213	581	680	0	585	162	162	150	188	243	177	676	677	409	656	324	189	526	211	393	217	60	578	530	287	423	736	594	149	849	761	641	277	280	311	300	831	501	281	401	207	440	180	469	657	254	257	325	620	616	338	286	295	489	507	658	584	230	93	89	507	677	639	432	268	352	223	338	725	582	193	132	437	134	595	567	510	614	727	164	79	546	479	564	812	600	451	93	491	701	462	401	671	163	708	680	369	209	627	222	46	350	254	239	474	527	7	768	207	242	648	150	111	539	349	68	414	315	368	646	644	294	183	69	565	773	554	770	422	676	688	531	761	120	351	582	358	74	133	679	259	216	183	588	402	729	179	192	256	246	477	841	212	152	657	420	461	403	301	210	114	343	249	153	404	751	545	385	229	660	653	489	638	268	324	647	165	602	151	325	83	758	714	300	20	504	270	394	619	293	612	758	697	700	601	353	164	278	392	564	565	377	770	573	489	242	597	189	577	390	512	602	371	390	638	496	601	574	183	831	467	693	535	365	617	209	680	390	608	326	
451	215	253	481	564	365	664	597	273	730	863	275	603	127	276	599	476	284	474	163	482	285	755	722	353	780	101	712	585	0	443	590	461	670	362	759	610	623	636	584	358	775	737	607	258	599	555	139	133	728	178	609	619	578	422	534	526	321	411	588	519	412	106	662	671	416	165	695	342	600	336	355	401	187	32	675	298	296	670	288	445	113	387	508	654	167	802	180	189	402	746	371	742	495	724	476	716	152	712	678	696	624	783	564	441	651	38	300	338	382	120	245	492	104	201	317	342	631	745	588	734	404	700	454	469	615	245	351	770	765	620	582	399	400	343	687	459	556	221	749	536	759	270	446	352	455	561	740	621	21	307	116	347	463	530	430	351	386	466	542	282	282	537	709	763	697	380	453	262	203	612	525	670	447	715	574	426	397	580	334	194	623	364	648	381	700	430	672	699	391	329	213	375	368	457	733	631	97	420	280	312	479	159	439	317	525	479	206	749	604	87	359	327	391	370	452	351	188	444	136	305	702	398	300	171	318	633	474	310	288	407	695	404	324	518	700	800	245	195	752	670	298	253	742	486	679	235	729	226	714	716	163	605	688	259	
403	366	191	58	284	209	477	156	522	304	643	263	488	353	413	490	533	530	283	371	467	606	313	495	146	336	457	573	162	443	0	160	19	235	84	321	547	550	336	524	165	344	462	194	231	190	116	462	413	313	301	598	478	144	687	611	500	179	256	242	198	669	350	267	346	171	319	254	312	528	108	96	175	459	472	307	156	146	409	433	504	428	173	135	212	348	596	479	275	113	355	139	345	573	498	210	280	290	273	495	478	409	542	583	2	212	405	410	404	650	443	289	95	359	542	302	243	546	308	570	579	221	265	476	99	178	199	172	329	437	422	162	606	46	116	540	16	203	377	356	148	397	176	231	486	493	215	296	221	424	611	434	608	287	532	531	374	600	60	251	420	196	156	269	585	280	136	43	426	285	593	110	236	120	288	367	679	51	146	496	306	371	248	270	123	272	202	259	256	253	589	448	231	146	508	557	395	486	249	220	485	53	443	31	249	148	602	555	333	176	368	107	234	463	244	462	595	539	545	444	190	259	124	320	404	495	311	613	412	416	85	501	118	417	275	437	539	266	252	550	414	439	411	298	672	396	531	465	217	523	279	523	309	508	194	
430	475	345	110	229	281	423	108	621	144	553	422	466	510	571	470	571	627	287	494	492	714	201	418	250	213	614	526	162	590	160	0	141	79	230	224	536	535	249	518	256	263	364	50	351	55	110	620	571	154	459	601	446	16	772	644	514	337	394	153	161	753	491	123	239	308	477	109	381	517	264	235	234	574	618	178	315	299	328	591	549	557	319	219	129	471	516	597	409	198	205	293	193	612	421	323	198	438	182	440	408	355	451	600	161	139	554	566	475	739	572	398	187	514	661	382	320	527	216	575	524	268	109	513	129	132	345	326	182	315	374	168	683	194	276	494	144	266	484	204	209	259	332	251	558	531	141	170	227	572	714	591	699	297	550	585	439	679	178	203	509	318	218	176	520	121	288	138	521	444	593	66	79	162	128	328	762	196	13	575	466	305	313	140	276	213	234	102	132	304	682	608	293	299	549	495	333	620	384	380	570	113	563	180	405	220	653	674	173	158	521	231	320	520	391	498	683	660	596	569	302	127	206	476	522	653	216	667	493	573	185	440	265	492	250	350	440	426	406	478	336	524	508	174	735	306	641	373	365	459	127	648	233	452	351	
406	380	209	44	277	216	471	140	535	285	634	281	487	372	431	488	539	543	283	387	471	620	295	487	157	318	476	569	150	461	19	141	0	216	101	304	547	550	326	524	174	329	451	177	245	174	101	481	432	295	320	600	475	125	699	617	503	197	269	230	190	680	368	250	334	183	338	235	320	528	127	112	179	474	490	292	175	165	400	451	511	444	187	135	196	363	588	494	292	119	338	155	328	579	490	217	264	309	256	489	471	403	533	586	21	196	424	427	413	662	460	302	94	378	557	312	251	545	292	572	573	225	246	482	92	163	216	188	310	424	417	151	617	62	134	536	3	202	391	338	144	382	195	231	495	498	204	278	212	442	625	453	620	287	536	539	382	611	62	243	432	211	153	253	579	262	151	39	438	304	594	94	217	119	270	362	691	66	128	507	325	363	255	255	139	258	203	241	238	258	601	467	237	162	514	551	388	503	261	238	496	39	458	43	266	146	610	570	314	163	387	120	244	471	259	467	607	555	552	460	203	240	130	337	419	513	300	621	423	433	92	495	132	426	270	427	529	285	270	543	406	450	424	280	681	386	546	455	235	517	260	539	299	502	213	
488	552	423	189	268	355	447	133	695	75	551	494	504	588	641	509	630	700	344	572	547	789	146	430	328	148	692	550	188	670	235	79	216	0	309	177	577	574	266	562	333	222	366	82	429	94	157	697	648	98	536	647	480	92	843	700	565	409	452	185	218	823	570	112	244	369	554	38	451	558	342	314	307	651	697	171	391	377	343	660	609	636	383	267	117	550	522	674	488	277	166	361	150	670	433	373	166	517	146	463	425	383	453	650	237	131	633	635	544	810	650	475	243	592	738	455	393	564	173	621	544	338	30	572	207	145	424	395	105	299	404	196	751	272	350	520	219	300	560	162	250	232	410	315	627	591	186	109	241	652	789	669	771	356	602	648	507	748	243	249	582	397	259	140	534	72	356	217	595	520	637	145	4	238	59	365	831	274	90	645	542	330	385	141	345	194	303	69	81	372	754	682	365	368	608	513	358	699	441	453	641	191	641	251	473	263	714	751	112	176	600	311	395	585	455	557	755	738	658	647	381	68	284	545	600	721	232	729	564	642	264	460	331	562	300	360	436	500	484	490	352	596	583	114	799	316	717	378	444	477	48	726	259	474	429	
355	286	115	120	289	155	467	240	442	373	648	219	461	281	367	461	475	451	257	288	418	524	397	497	85	419	384	555	243	362	84	230	101	309	0	405	511	517	353	486	108	428	476	254	150	247	200	393	344	376	233	555	456	216	610	554	455	144	256	271	210	592	267	319	372	183	250	332	248	493	42	16	138	376	391	349	95	69	416	388	444	343	170	196	296	264	596	396	191	84	408	129	400	514	500	240	364	209	357	485	477	403	549	534	81	296	325	368	336	572	359	210	163	284	458	235	182	515	392	527	565	181	339	421	124	262	116	151	408	468	412	242	533	38	76	523	99	263	297	410	217	439	104	204	415	436	241	378	297	344	530	362	530	257	484	467	309	525	127	257	345	116	223	353	577	343	131	92	348	221	551	168	309	120	358	355	603	35	218	423	243	373	193	315	118	355	174	320	338	205	510	390	180	134	449	548	394	402	252	172	410	117	359	92	218	212	538	471	397	259	291	41	169	399	230	408	518	455	481	360	115	339	90	283	321	450	334	547	340	371	66	494	130	346	265	446	552	213	176	547	420	365	333	381	603	410	449	477	136	516	355	439	322	497	126	
655	681	505	301	444	497	625	164	833	210	718	532	681	656	664	686	796	840	511	691	716	922	37	605	453	62	758	728	177	759	321	224	304	177	405	0	754	751	444	737	465	46	537	253	548	265	204	755	707	245	600	822	658	225	991	869	737	454	446	362	384	972	670	287	418	381	617	140	600	734	424	416	452	777	789	344	461	464	520	680	773	749	405	267	109	667	694	798	596	406	318	401	302	836	608	354	44	608	47	640	601	561	624	822	323	108	720	651	695	956	764	603	270	667	861	599	536	741	14	795	721	490	170	738	343	144	518	431	132	461	582	182	903	367	416	698	306	256	691	311	239	388	488	475	779	756	358	75	173	739	925	731	915	522	774	809	660	899	293	422	725	514	243	52	710	236	393	326	734	579	813	282	181	379	204	542	981	371	225	794	598	507	532	318	387	75	457	243	97	526	897	721	513	406	773	689	535	806	433	501	787	301	763	319	500	254	877	874	246	157	679	423	534	743	465	723	901	859	820	764	504	109	415	566	723	736	410	891	711	662	384	637	366	712	472	534	603	548	564	664	528	741	720	70	958	491	848	550	535	654	152	843	437	651	501	
170	396	548	513	309	359	165	635	398	572	305	687	74	643	803	69	167	394	264	449	128	483	723	231	428	724	701	126	676	610	547	536	547	577	511	754	0	15	323	26	404	796	303	500	430	489	616	733	701	543	635	76	105	541	433	182	86	639	764	392	378	416	526	476	362	694	643	616	295	19	542	496	376	443	613	430	577	532	268	823	185	502	681	682	666	450	249	464	477	437	495	640	506	184	231	749	733	543	715	162	213	205	277	107	546	675	601	816	272	425	501	396	641	624	500	320	343	30	748	60	155	331	591	160	458	662	514	656	662	391	183	680	344	521	582	121	549	749	389	503	690	447	557	316	282	166	396	686	745	609	463	701	409	260	97	224	263	351	607	332	332	442	699	709	194	534	642	508	354	643	65	498	574	428	570	212	415	516	540	310	659	257	325	444	630	750	345	519	656	307	406	781	333	644	173	175	233	554	762	646	327	518	464	576	705	693	240	510	556	680	614	470	360	226	733	160	388	512	219	486	422	645	427	752	441	877	354	260	302	812	465	179	641	287	287	275	310	664	569	213	260	320	359	691	329	300	450	285	527	183	614	521	320	161	578	
180	408	557	515	307	365	155	635	413	568	290	695	69	654	813	65	183	409	267	461	141	498	721	219	434	720	714	111	677	623	550	535	550	574	517	751	15	0	318	38	411	794	292	498	440	487	617	745	713	538	645	86	98	541	448	196	100	646	770	389	378	431	537	472	355	700	653	613	305	24	549	502	380	457	626	425	584	539	260	833	200	515	687	685	665	462	234	478	487	441	488	646	499	199	219	754	732	554	714	151	201	199	264	121	549	674	613	826	285	440	514	407	644	635	515	330	351	15	746	73	140	336	588	174	460	662	523	663	657	381	176	682	359	525	588	106	552	752	402	496	693	439	565	319	297	181	394	683	746	622	479	713	424	263	112	239	275	366	610	331	345	450	702	708	179	530	648	511	368	652	74	498	571	431	566	209	430	520	539	324	669	251	332	440	636	749	349	515	654	313	421	792	340	650	188	160	226	567	768	654	342	520	477	580	713	696	255	525	550	681	625	476	368	241	740	174	403	526	234	500	430	643	432	761	454	887	349	275	315	822	469	167	646	300	287	265	297	673	578	199	252	334	373	688	343	292	465	274	536	169	610	536	316	148	586	
285	451	449	281	72	272	181	357	554	250	309	572	249	602	717	254	415	556	171	492	328	654	411	169	304	406	695	284	409	636	336	249	326	266	353	444	323	318	0	313	289	488	125	202	381	193	353	714	669	220	567	398	220	260	667	473	332	496	593	99	142	647	530	157	44	508	582	303	317	305	395	345	242	544	655	107	447	410	79	739	404	562	507	449	372	477	268	569	450	272	174	470	183	452	172	543	431	505	412	196	160	119	207	411	337	384	609	721	385	643	570	394	410	595	628	335	295	306	440	374	278	232	275	363	239	381	429	499	341	128	141	415	570	337	427	254	329	506	454	182	446	143	446	190	456	382	122	372	476	625	645	681	610	185	370	450	349	571	386	98	443	365	456	405	271	214	469	293	462	562	387	241	263	232	249	119	652	335	257	481	584	66	274	125	455	455	208	201	347	248	598	730	262	476	399	248	92	627	586	525	485	287	547	368	570	454	504	641	232	407	595	324	309	400	576	350	591	633	455	562	339	335	269	636	507	801	34	522	415	723	287	193	454	407	120	103	203	562	499	228	87	448	456	377	596	60	591	129	450	212	296	630	32	207	470	
