0	236	380	380	235	200	436	340	98	621	522	235	558	250	359	309	517	508	340	107	252	548	108	452	410	151	331	635	404	324	376	639	288	406	451	413	188	526	594	252	407	504	572	691	269	465	503	340	206	320	174	181	66	169	392	489	591	246	608	512	303	148	285	600	477	395	586	423	435	364	313	180	157	512	293	408	326	381	166	472	373	212	101	151	504	215	424	297	380	704	427	68	616	224	560	27	348	158	306	537	136	293	507	375	116	407	515	160	534	405	285	402	444	636	637	578	616	303	305	180	452	227	537	140	170	502	409	238	639	557	634	178	596	486	273	218	203	169	413	520	407	297	42	155	433	168	200	597	553	225	298	234	50	588	609	551	392	454	122	330	205	69	374	309	106	240	250	595	166	337	137	495	375	251	383	564	513	255	189	338	272	378	268	252	162	506	277	278	346	415	449	315	367	555	341	393	324	17	608	204	236	547	503	334	371	
236	0	234	380	381	200	228	556	243	457	297	46	629	165	264	289	388	283	332	187	486	562	335	490	334	248	534	426	325	548	604	458	153	180	214	422	127	293	392	197	528	428	552	477	134	238	508	575	246	269	198	392	228	405	341	287	518	40	390	552	220	258	292	428	246	564	383	542	471	274	547	409	154	478	518	175	315	177	388	421	401	417	141	363	336	390	268	213	471	731	422	214	441	440	569	211	237	308	360	350	362	525	512	558	206	525	613	228	364	485	296	586	209	651	613	352	633	539	499	412	216	113	501	111	375	450	556	287	618	327	454	161	595	572	303	19	212	326	270	399	411	211	210	387	441	404	320	554	343	285	504	122	223	537	405	441	195	218	349	270	370	265	599	304	342	385	89	367	314	148	200	366	573	65	318	443	354	291	324	279	481	344	151	308	313	550	391	312	522	393	269	263	479	594	292	491	369	219	436	79	397	595	278	98	604	
380	234	0	235	380	200	127	602	321	241	224	279	496	400	77	524	154	218	200	278	618	388	438	350	132	460	561	280	553	610	669	260	381	315	265	270	356	263	233	432	462	208	354	339	365	195	336	669	231	503	422	458	409	532	161	147	293	194	273	401	98	295	202	220	223	543	226	469	333	502	635	502	376	279	587	282	190	354	472	218	277	470	288	531	124	415	43	446	387	552	258	398	235	504	390	368	463	508	277	165	516	612	338	555	279	455	508	257	154	385	208	580	238	469	408	270	453	651	522	511	268	347	298	318	549	242	510	514	415	271	255	388	406	462	534	246	205	360	36	164	259	98	339	529	284	517	532	341	209	510	543	357	397	321	249	207	93	270	449	123	393	365	658	192	472	381	153	291	515	95	413	132	589	296	133	208	133	233	530	125	526	179	383	256	512	403	355	237	516	222	83	497	414	437	526	409	274	369	227	311	406	446	213	237	687	
380	380	235	0	234	199	362	450	284	375	458	422	263	526	158	636	246	452	48	283	547	183	376	117	121	515	399	485	698	471	527	421	530	522	491	41	464	498	437	550	243	162	192	541	509	430	131	553	175	628	505	352	437	471	80	375	229	345	493	175	169	235	98	375	457	345	433	246	99	647	519	412	463	134	459	495	65	545	380	113	47	348	335	517	309	283	255	580	165	351	47	432	391	386	191	384	613	538	94	365	489	496	134	370	266	235	274	220	328	156	97	390	466	273	257	499	254	556	362	426	495	475	159	404	539	136	300	593	260	505	415	483	222	227	623	381	190	258	232	236	31	177	342	485	61	446	577	218	429	584	393	486	421	213	452	241	325	496	381	120	266	326	511	78	429	233	296	521	545	303	480	235	413	444	105	265	298	125	567	114	386	57	522	131	541	174	183	102	334	44	308	622	202	215	652	187	78	379	380	434	261	219	448	432	559	
235	381	380	234	0	199	488	225	152	586	589	405	331	466	317	543	459	578	221	198	322	354	173	252	328	386	181	660	632	240	298	622	492	559	569	248	398	613	613	477	171	395	401	719	471	543	321	318	154	550	405	124	301	255	291	524	463	364	652	304	282	123	186	577	565	183	606	188	241	588	284	186	378	362	225	547	217	556	155	347	201	114	260	327	493	49	418	518	155	491	271	303	594	151	369	255	565	382	139	543	294	262	325	182	177	171	281	153	519	184	180	209	552	434	461	641	414	323	142	200	571	428	384	336	349	371	180	473	462	633	617	400	407	256	509	370	189	66	398	454	247	283	216	278	263	226	428	442	588	460	165	438	285	441	628	468	442	573	172	268	37	166	284	206	231	5	334	661	388	395	370	442	209	427	300	490	490	149	413	271	154	268	476	126	384	297	57	153	144	278	463	544	133	343	572	163	156	244	583	394	28	331	574	470	326	
200	200	200	199	199	0	293	409	123	433	392	236	432	330	162	436	320	381	153	93	420	381	239	298	210	319	374	477	502	413	473	459	339	370	370	239	265	414	431	352	330	305	389	535	317	344	330	469	48	430	306	258	247	335	194	335	393	174	462	361	109	95	102	417	365	379	424	343	279	452	435	302	263	322	389	353	137	377	271	277	209	273	136	349	323	224	242	384	271	548	246	239	433	306	391	196	421	350	160	366	329	412	334	382	85	326	413	57	352	285	104	409	352	472	453	446	452	451	336	311	373	281	347	205	369	307	363	395	457	436	453	283	422	372	424	195	12	164	227	323	230	105	158	336	259	318	385	406	400	386	351	292	231	394	447	352	246	375	250	130	202	168	463	121	278	202	137	466	357	197	281	300	407	259	183	366	328	92	378	138	332	184	329	107	354	358	196	114	343	226	280	424	280	404	454	291	171	193	424	240	222	403	376	278	488	
436	228	127	362	488	293	0	702	401	244	101	263	623	377	204	499	223	92	326	348	686	510	515	477	254	477	666	200	503	706	765	235	343	226	153	397	353	136	163	411	585	314	469	255	332	70	459	754	333	471	426	548	447	601	287	58	387	199	172	527	212	387	321	211	98	659	155	593	460	454	722	584	383	395	680	188	315	280	557	336	403	565	335	579	135	517	117	411	511	670	384	433	222	597	511	417	414	535	399	128	571	699	461	668	356	579	635	348	156	511	328	694	125	587	517	153	573	729	628	591	157	330	411	336	594	356	631	512	524	147	231	388	523	589	524	246	301	457	137	240	386	209	399	591	410	592	548	447	117	512	644	337	438	425	177	284	46	158	527	247	495	439	755	315	538	490	185	173	541	100	428	208	698	271	259	274	159	347	552	251	626	306	352	371	539	529	470	356	629	348	73	465	536	562	491	534	398	421	219	304	513	572	88	178	777	
340	556	602	450	225	409	702	0	314	811	802	567	444	589	542	626	683	790	444	371	225	526	231	431	552	459	55	882	730	40	78	847	628	735	763	455	528	820	835	587	271	613	589	941	609	751	508	135	371	645	504	164	390	223	514	743	673	551	871	465	503	316	411	802	770	163	829	284	427	696	112	165	496	567	63	731	441	718	173	563	410	139	416	328	717	186	641	633	317	621	479	400	819	116	542	367	685	421	358	766	296	104	511	119	356	278	370	354	743	346	406	127	750	587	642	855	570	177	88	171	765	567	586	477	344	583	221	539	640	844	842	516	580	374	574	541	401	244	622	678	457	503	350	261	465	199	467	638	808	524	59	574	381	642	851	689	656	767	218	493	208	291	60	431	258	224	533	875	425	605	467	667	76	586	525	712	715	374	447	496	77	490	608	351	421	455	267	378	134	494	685	641	276	492	663	309	372	356	808	542	197	474	785	653	122	
98	243	321	284	152	123	401	314	0	557	496	261	463	314	284	394	443	483	247	57	297	450	117	354	326	245	290	593	480	310	368	581	341	424	449	316	246	509	549	324	320	417	475	651	320	442	405	353	115	398	256	151	161	211	304	448	501	237	573	415	232	50	192	539	460	328	541	336	337	435	321	183	226	417	282	417	233	413	156	381	275	174	110	234	445	149	364	366	286	606	331	159	555	200	462	109	413	256	208	485	210	298	409	318	44	320	425	70	474	310	191	346	436	538	540	551	518	331	256	191	451	277	442	184	256	410	332	330	542	536	576	248	498	393	365	229	122	88	350	444	310	228	67	214	336	196	298	502	513	319	261	286	144	494	564	471	354	453	128	248	132	45	361	217	156	157	221	570	263	300	222	422	330	282	298	487	451	159	287	255	238	288	324	155	259	409	185	182	283	321	398	393	277	457	421	300	226	101	546	244	161	450	478	340	376	
621	457	241	375	586	433	244	811	557	0	257	498	582	616	274	739	129	265	369	518	854	439	673	458	260	696	764	166	747	825	884	56	586	466	380	390	584	309	138	649	617	232	370	203	574	286	404	894	454	714	654	682	650	768	299	193	247	421	210	483	324	524	400	35	307	720	142	619	448	699	860	732	608	320	807	427	369	523	700	282	422	689	529	772	121	628	198	654	540	562	367	638	34	725	432	609	659	748	456	118	757	836	404	743	516	609	623	489	93	526	405	764	354	487	391	254	480	882	725	743	383	567	321	553	790	280	675	744	399	286	52	618	426	578	760	473	436	582	208	139	383	328	580	768	392	752	769	323	179	742	752	574	638	300	144	150	263	384	683	320	607	601	870	380	711	586	388	268	754	309	648	143	784	509	286	123	107	438	769	315	739	325	594	460	752	489	546	432	706	338	188	707	577	503	734	560	446	610	29	536	614	520	265	422	908	
522	297	224	458	589	392	101	802	496	257	0	323	716	422	301	537	284	14	425	442	774	596	607	572	345	543	767	144	521	803	863	225	380	227	134	492	413	53	130	456	685	390	547	185	374	59	547	849	434	505	487	646	525	690	381	88	451	277	95	618	314	485	423	221	62	761	123	693	555	477	817	679	448	477	778	191	415	290	652	419	501	664	421	659	186	617	205	447	611	750	477	511	225	694	595	501	438	605	500	145	655	794	549	770	451	679	732	447	191	610	429	796	114	668	590	55	655	820	728	685	136	383	490	409	672	436	732	566	597	47	224	449	603	686	572	317	401	557	227	302	481	310	488	677	504	683	613	518	78	568	744	388	519	496	135	343	147	136	620	347	595	532	854	415	627	591	276	74	611	196	495	274	799	324	354	326	210	449	619	350	725	401	394	473	610	621	572	457	731	441	152	499	637	651	522	634	498	507	227	366	614	662	19	219	873	
235	46	279	422	405	236	263	567	261	498	323	0	668	120	310	244	433	308	374	208	479	605	341	531	380	220	550	458	280	556	611	497	108	170	224	464	90	312	426	152	560	475	597	506	88	264	552	576	281	224	164	403	215	401	386	322	564	86	417	593	265	282	332	468	267	587	417	574	512	228	549	414	124	523	526	175	357	152	396	467	442	431	152	348	378	410	313	167	506	774	465	201	481	451	612	209	192	284	397	389	351	529	555	579	228	557	649	257	405	521	336	607	224	695	658	377	676	536	517	416	224	68	546	97	358	496	584	248	664	348	493	126	639	609	262	41	248	348	315	444	453	256	217	380	483	404	289	600	375	248	519	77	213	583	438	486	235	227	355	315	392	276	607	345	339	410	135	390	289	191	172	412	591	22	364	488	396	328	295	324	494	388	104	343	287	591	421	350	544	437	310	217	511	635	246	525	407	218	476	42	420	636	304	108	607	
558	629	496	263	331	432	623	444	463	582	716	668	0	758	420	854	465	711	307	489	629	148	504	146	371	708	390	721	931	481	518	635	771	783	755	225	692	758	676	777	178	351	226	773	749	692	178	577	390	854	717	443	623	577	335	630	352	598	739	99	431	417	338	594	720	283	673	163	164	882	549	502	681	262	486	757	322	802	476	306	230	420	551	658	550	369	511	813	177	177	239	623	607	448	158	573	852	711	272	606	624	533	178	326	468	173	77	425	563	153	333	327	730	158	247	753	147	607	370	516	758	712	263	628	680	302	223	794	242	763	630	703	183	76	828	627	420	392	489	450	237	439	531	605	212	546	757	283	677	782	407	722	607	300	689	431	588	760	501	384	367	490	498	329	561	326	551	774	718	567	685	463	375	691	363	458	533	340	742	378	418	317	760	328	714	95	281	317	312	275	564	848	198	83	878	167	260	564	596	672	342	63	707	692	566	
250	165	400	526	466	330	377	589	314	616	422	120	758	0	427	124	554	407	478	273	455	709	358	628	496	157	582	563	172	570	618	612	52	221	303	567	68	401	535	34	632	592	708	608	48	365	657	569	368	104	94	432	200	391	499	435	682	205	518	691	379	349	431	585	362	639	527	647	610	123	547	425	93	635	538	244	461	169	416	581	540	462	209	311	497	458	433	54	588	877	571	189	597	474	718	223	99	223	487	504	326	530	661	623	295	630	730	334	523	607	434	651	313	800	771	472	781	520	554	422	302	53	659	131	313	611	646	146	776	438	608	73	747	694	150	155	341	402	436	565	557	370	252	361	587	402	210	714	483	151	548	43	208	698	546	607	352	304	371	427	444	311	618	448	336	471	252	482	225	311	126	532	626	107	478	609	516	420	222	436	522	498	30	430	226	688	493	444	592	546	428	98	586	734	128	605	500	235	593	93	474	733	404	203	604	
359	264	77	158	317	162	204	542	284	274	301	310	420	427	0	547	158	295	123	252	581	318	399	274	70	460	498	345	590	554	613	306	417	377	336	195	375	340	298	456	386	165	293	404	398	272	265	619	179	532	433	407	399	496	88	221	255	224	345	327	56	249	133	262	299	472	292	393	256	538	585	457	386	218	533	346	115	409	425	159	199	416	278	510	175	357	104	477	311	485	184	389	278	451	322	352	501	501	204	226	491	562	268	487	247	379	431	215	201	308	139	511	310	403	352	345	386	607	459	468	340	374	239	326	530	186	437	525	358	348	300	402	342	385	549	272	162	307	82	161	183	63	317	498	209	478	531	290	280	519	482	384	385	272	313	194	167	341	409	49	335	330	600	118	440	318	175	367	508	152	417	137	523	330	60	205	174	168	527	49	468	103	415	191	505	328	286	168	449	149	155	525	339	364	555	333	199	350	268	335	345	372	290	292	635	
309	289	524	636	543	436	499	626	394	739	537	244	854	124	547	0	677	523	589	365	454	818	405	731	615	167	630	680	109	600	640	734	157	321	411	676	174	510	655	92	714	712	822	722	166	482	767	579	469	38	137	483	246	408	616	556	803	329	633	794	498	437	539	708	476	703	647	730	713	96	564	460	173	751	568	351	572	260	460	699	644	515	304	310	621	525	557	90	679	983	682	241	720	518	827	288	117	211	586	627	336	550	771	680	386	713	819	430	647	701	541	707	425	908	886	584	889	523	608	454	410	176	776	231	303	728	719	91	890	548	730	153	858	786	63	277	446	477	559	688	667	489	327	373	696	428	174	832	602	106	595	167	259	817	665	730	476	411	416	543	515	378	645	557	367	548	374	592	209	435	172	656	675	231	596	732	640	522	193	552	568	613	146	529	212	790	579	546	654	659	552	41	671	837	41	694	601	298	716	213	546	834	519	323	617	
517	388	154	246	459	320	223	683	443	129	284	433	465	554	158	677	0	286	240	410	738	328	557	334	131	610	635	256	703	699	757	175	533	446	377	263	510	336	213	585	488	115	269	308	517	287	287	771	335	657	575	560	553	654	170	197	167	348	280	365	213	406	274	131	314	591	211	490	322	652	736	612	528	206	681	410	241	494	580	159	293	565	432	668	98	502	122	598	411	470	240	543	146	601	325	508	613	655	327	148	649	713	287	613	405	480	500	373	101	398	279	635	348	390	306	306	380	762	597	623	380	501	214	470	687	164	546	667	313	327	170	541	326	454	688	400	321	459	118	18	255	219	474	657	266	635	681	235	225	663	624	510	540	211	225	60	218	381	566	197	482	489	743	252	599	459	306	326	662	244	564	22	654	448	158	55	75	313	679	192	613	195	536	333	659	370	418	305	577	209	149	650	448	390	679	431	316	507	135	465	487	405	284	381	783	
508	283	218	452	578	381	92	790	483	265	14	308	711	407	295	523	286	0	418	429	761	593	594	567	341	528	756	158	507	791	850	236	366	214	121	487	399	50	141	441	678	389	547	200	360	44	544	836	424	491	472	633	511	676	376	88	453	263	110	614	305	473	414	229	48	751	134	686	550	463	804	666	433	475	765	177	408	276	639	417	495	652	407	645	188	606	200	432	604	749	472	497	234	682	593	487	424	591	491	151	641	781	546	760	439	671	726	435	196	603	420	786	100	667	590	70	653	807	717	672	124	368	489	394	658	434	724	551	597	55	234	434	602	680	557	302	390	545	222	304	476	301	475	664	499	670	598	519	89	553	733	373	504	496	148	345	137	124	607	340	584	519	842	407	613	581	262	87	596	184	480	275	788	309	349	329	212	440	604	342	713	396	379	463	595	617	562	448	721	436	149	485	629	647	508	626	491	493	235	351	603	658	5	205	860	
340	332	200	48	221	153	326	444	247	369	425	374	307	478	123	589	240	418	0	239	522	231	346	162	108	471	395	464	649	462	519	410	481	476	449	90	416	462	416	502	263	177	235	522	460	393	178	538	133	581	459	331	395	442	70	345	256	297	467	221	124	199	54	364	420	355	411	270	143	599	504	389	416	171	446	450	16	498	356	136	78	331	289	481	289	267	226	532	187	400	93	389	380	369	239	343	565	497	87	343	455	480	182	375	224	256	310	180	311	185	55	397	425	321	300	469	302	536	357	402	453	427	196	357	503	164	316	548	304	472	404	436	269	264	577	332	144	233	204	234	79	132	300	454	109	419	534	256	402	539	385	438	379	247	431	247	287	454	352	79	248	290	504	31	397	220	248	490	504	260	434	225	415	396	84	269	281	89	526	75	375	47	474	102	500	220	177	72	337	75	278	574	217	262	605	209	79	337	369	386	249	266	413	386	548	
107	187	278	283	198	93	348	371	57	518	442	208	489	273	252	365	410	429	239	0	341	459	166	368	303	232	346	544	443	366	424	539	295	368	392	319	205	454	500	288	359	398	474	601	273	387	410	406	108	365	229	208	155	255	286	398	485	180	521	430	197	77	185	498	404	379	493	375	350	396	375	236	192	411	338	360	224	360	210	368	283	231	63	257	403	202	321	327	316	621	330	149	514	257	470	104	370	258	222	439	239	352	414	371	21	357	457	65	432	336	186	399	380	549	539	497	529	380	312	243	394	231	436	141	277	398	378	312	543	481	533	214	503	422	344	174	97	140	310	413	311	191	65	251	339	243	294	495	463	302	318	241	139	485	515	444	303	396	178	223	184	90	417	208	194	203	166	516	265	248	199	389	386	229	276	457	410	161	286	231	295	275	279	165	261	426	220	185	336	314	351	359	313	473	388	332	237	100	505	195	212	469	424	283	431	
252	486	618	547	322	420	686	225	297	854	774	479	629	455	581	454	738	761	522	341	0	676	181	573	616	301	260	884	563	186	203	878	504	648	700	568	411	778	841	442	451	699	723	941	490	717	643	129	404	482	361	198	265	86	588	738	776	498	859	622	529	332	473	837	729	370	833	467	563	539	124	136	372	680	162	655	513	613	168	657	521	212	353	146	742	273	661	487	468	801	589	279	853	181	690	275	539	244	454	781	130	122	647	330	339	456	563	365	771	499	470	346	696	752	784	830	732	70	265	122	701	452	704	381	150	683	418	362	784	809	873	386	729	553	394	467	418	289	648	738	565	525	286	99	584	103	281	762	802	347	231	456	265	759	856	762	642	704	172	541	286	253	214	498	148	325	501	847	245	586	329	718	298	491	588	780	748	434	261	547	214	568	481	420	242	614	379	450	326	590	693	480	435	658	495	469	472	268	844	442	300	644	756	583	167	
548	562	388	183	354	381	510	526	450	439	596	605	148	709	318	818	328	593	231	459	676	0	522	102	256	690	471	585	881	558	604	493	712	695	653	142	646	642	541	733	260	213	78	635	692	580	53	651	351	811	686	478	609	609	230	507	204	526	608	64	345	400	279	453	608	379	539	251	115	830	619	541	644	122	555	665	248	723	510	176	176	464	515	672	420	402	393	763	211	169	140	606	465	498	15	557	796	707	241	475	642	599	50	418	440	252	207	394	429	181	276	427	626	90	116	627	71	669	442	555	657	659	118	586	695	164	319	771	114	642	488	665	54	173	803	563	371	401	373	312	152	354	513	631	122	581	749	136	549	761	478	669	593	152	554	288	481	658	523	294	392	487	585	261	579	351	476	648	714	471	658	330	468	627	257	315	401	298	737	286	481	220	705	296	710	74	297	274	393	171	444	805	250	64	835	217	224	550	455	618	375	84	590	607	647	
108	335	438	376	173	239	515	231	117	673	607	341	504	358	399	405	557	594	346	166	181	522	0	420	436	238	226	709	505	216	269	698	397	511	549	401	297	617	665	357	336	521	559	767	378	552	483	242	223	420	276	78	161	97	409	564	602	338	687	476	348	151	295	656	567	301	658	353	407	468	211	73	265	510	185	510	335	489	58	482	355	110	194	154	562	136	481	403	329	664	420	169	672	116	536	136	454	218	287	602	120	190	487	276	160	338	450	184	591	357	292	302	540	605	623	663	585	214	203	77	550	336	534	247	176	509	326	324	624	645	693	285	573	428	360	318	237	120	467	557	397	344	125	109	418	79	265	594	629	309	191	343	150	589	680	582	469	552	13	360	136	75	266	319	57	178	331	681	223	414	238	537	271	358	407	599	568	257	248	366	165	390	376	245	219	469	227	275	251	417	515	416	305	516	440	336	305	125	663	312	162	505	589	434	269	
452	490	350	117	252	298	477	431	354	458	572	531	146	628	274	731	334	567	162	368	573	102	420	0	228	597	376	586	801	461	509	509	637	638	609	80	563	613	539	649	175	227	157	640	615	546	77	552	262	728	597	376	514	507	191	486	256	457	599	62	286	304	199	465	574	294	536	171	19	751	519	438	557	150	456	612	177	660	408	176	89	362	427	572	412	300	367	683	113	253	96	512	480	397	116	462	719	610	146	468	540	499	80	329	348	166	166	303	427	86	195	342	584	185	212	611	165	568	344	453	612	579	163	501	594	181	237	680	212	619	504	579	155	120	712	489	287	300	345	321	91	294	418	529	69	478	652	209	537	669	380	590	498	216	553	311	442	614	421	238	290	389	491	187	477	248	409	632	617	421	567	328	377	553	218	338	397	209	641	232	382	171	627	203	613	59	195	185	300	131	420	721	154	106	752	124	130	454	468	539	273	105	563	548	550	
410	334	132	121	328	210	254	552	326	260	345	380	371	496	70	615	131	341	108	303	616	256	436	228	0	521	504	363	660	568	626	302	487	443	397	149	442	388	316	524	364	98	225	420	468	324	205	642	213	601	497	432	455	533	41	259	188	294	372	273	118	284	145	256	353	462	311	368	212	608	607	487	452	149	551	412	110	478	454	89	169	435	337	558	187	372	140	546	287	420	132	446	272	472	258	406	571	558	196	243	536	584	207	483	294	356	391	256	207	278	149	505	370	337	282	383	321	636	466	499	400	443	170	391	579	116	420	590	288	392	296	468	275	345	615	341	207	332	118	126	138	127	368	540	159	513	590	220	309	583	493	453	440	202	330	146	225	402	444	80	352	372	612	122	482	327	245	404	565	219	479	116	523	400	28	164	176	184	585	72	482	66	485	204	562	276	286	175	446	96	193	594	321	307	624	308	186	403	261	403	356	317	337	360	653	
151	248	460	515	386	319	477	459	245	696	543	220	708	157	460	167	610	528	471	232	301	690	238	597	521	0	462	675	272	434	477	703	209	369	440	551	132	532	640	141	557	619	706	726	198	484	642	420	340	187	64	316	85	245	512	535	709	279	637	659	405	293	417	670	487	538	632	574	580	241	402	293	95	641	402	386	455	324	293	595	514	348	184	155	575	363	500	185	531	850	562	85	684	350	701	135	237	66	450	596	174	387	646	514	249	558	666	296	604	555	418	540	444	780	771	597	760	368	441	287	440	169	666	143	156	625	558	87	775	568	699	98	735	637	123	230	326	320	496	617	544	397	178	211	571	262	72	725	592	74	427	169	101	713	653	654	441	442	248	443	355	220	480	439	200	391	308	610	70	389	48	587	507	223	497	662	590	392	75	452	401	503	186	394	70	653	427	416	488	545	511	184	518	701	204	544	467	144	678	177	385	695	524	327	457	
331	534	561	399	181	374	666	55	290	764	767	550	390	582	498	630	635	756	395	346	260	471	226	376	504	462	0	841	731	90	133	802	619	715	736	402	519	788	794	583	216	561	534	900	599	718	453	187	333	646	502	150	387	241	466	705	619	525	832	409	463	284	366	757	739	113	787	229	372	694	160	172	489	513	100	707	394	701	169	511	357	120	397	345	674	149	599	629	262	567	426	396	773	112	486	358	680	432	309	724	311	147	456	70	329	223	317	321	699	290	360	86	721	532	586	820	514	222	39	182	738	556	532	464	363	530	168	546	585	810	796	510	524	319	582	520	365	212	579	629	404	463	335	278	411	213	479	584	769	531	35	564	376	588	810	639	620	740	214	449	171	275	115	384	264	180	503	840	437	571	465	620	44	569	478	663	671	330	460	451	61	441	599	307	433	400	217	332	79	442	645	642	221	437	666	253	321	347	763	528	154	419	751	629	177	
635	426	280	485	660	477	200	882	593	166	144	458	721	563	345	680	256	158	464	544	884	585	709	586	363	675	841	0	665	890	949	115	523	371	277	510	548	184	47	597	726	371	523	59	516	198	544	945	511	648	622	736	648	798	404	145	406	399	55	621	378	572	478	138	206	817	53	731	572	621	912	777	580	463	866	335	459	434	747	414	532	749	535	780	175	695	242	590	649	720	490	634	131	783	581	617	582	735	548	120	771	889	544	833	549	719	752	534	158	641	484	857	258	643	551	110	634	924	802	785	280	521	469	536	795	421	780	704	559	149	116	584	580	706	713	445	483	640	263	273	500	378	598	790	517	787	746	481	83	705	823	526	639	458	32	301	242	279	721	395	673	634	938	464	736	661	385	117	741	298	626	258	868	461	382	276	188	512	750	395	807	428	536	535	739	626	632	513	794	456	197	642	682	646	666	671	543	621	140	500	687	662	161	359	966	
404	325	553	698	632	502	503	730	480	747	521	280	931	172	590	109	703	507	649	443	563	881	505	801	660	272	731	665	0	706	748	734	172	293	387	739	239	485	646	155	800	754	876	700	191	471	828	688	541	85	230	583	344	516	666	556	842	365	613	864	545	519	603	714	459	799	639	816	782	51	672	565	254	803	674	329	632	230	562	747	712	615	380	418	634	619	581	118	759	1049	742	337	724	620	889	380	90	319	659	630	444	658	832	779	465	799	901	506	658	779	606	806	407	971	938	561	952	632	708	559	385	222	826	302	412	776	811	200	943	523	731	231	917	866	170	320	513	566	587	716	729	536	415	481	758	534	283	880	593	215	697	211	356	863	655	759	489	386	517	595	607	471	751	619	472	637	415	565	318	459	267	682	776	260	644	758	656	592	302	603	670	667	176	603	321	860	663	616	750	716	565	89	756	907	68	776	673	391	721	263	638	905	505	326	725	
324	548	610	471	240	413	706	40	310	825	803	556	481	570	554	600	699	791	462	366	186	558	216	461	568	434	90	890	706	0	59	860	611	726	758	479	511	819	843	566	306	634	618	949	593	751	537	96	379	621	483	158	369	193	532	749	697	546	876	497	512	319	425	815	770	202	836	319	455	674	71	145	477	592	32	723	458	705	160	585	433	140	407	297	728	197	650	612	347	658	503	380	832	109	573	352	664	393	378	775	266	64	540	159	353	313	408	357	755	376	420	168	747	622	673	858	604	136	116	148	760	551	612	463	311	606	258	511	671	845	854	496	612	409	546	532	406	249	632	695	480	511	339	230	490	171	437	666	814	496	80	558	361	669	859	708	659	762	202	506	218	282	51	446	235	241	531	877	396	607	446	682	117	574	541	731	728	387	417	510	86	508	590	365	392	488	288	393	169	515	692	618	307	527	638	340	393	341	822	528	212	509	786	646	89	
376	604	669	527	298	473	765	78	368	884	863	611	518	618	613	640	757	850	519	424	203	604	269	509	626	477	133	949	748	59	0	919	661	781	815	533	562	878	903	612	347	689	667	1008	644	810	586	82	438	664	529	217	417	232	589	808	751	603	935	542	572	378	484	874	828	235	896	359	505	718	79	196	527	645	85	779	515	758	215	640	487	199	463	332	787	256	709	658	396	695	557	429	891	168	619	404	710	430	434	835	304	90	590	192	412	355	442	416	814	424	478	193	804	664	720	917	646	139	166	196	817	602	664	516	344	660	295	550	718	903	913	545	658	449	584	588	466	309	691	752	534	571	394	267	543	216	473	717	873	535	134	608	411	720	918	765	718	819	255	565	277	339	20	504	281	298	590	936	433	666	492	741	143	628	599	788	787	445	453	568	144	565	640	424	430	533	343	451	211	571	752	661	355	569	680	387	448	394	880	581	270	550	845	703	52	
639	458	260	421	622	459	235	847	581	56	225	497	635	612	306	734	175	236	410	539	878	493	698	509	302	703	802	115	734	860	919	0	578	446	356	439	585	276	97	646	663	284	425	148	568	264	457	925	484	706	657	713	663	792	342	178	303	425	164	536	351	552	436	45	282	764	103	666	497	687	891	760	612	373	840	408	409	505	729	333	468	722	544	789	135	663	217	646	586	618	416	651	29	758	487	625	646	758	497	108	776	868	457	785	539	655	674	516	107	574	442	807	331	543	447	213	536	910	763	770	359	565	375	560	807	333	721	745	455	248	5	620	481	629	759	475	463	613	231	188	430	354	599	790	442	778	776	379	147	744	788	572	652	356	98	205	263	359	709	354	641	625	906	417	733	623	397	225	764	314	655	185	824	506	326	178	132	473	777	351	775	368	588	496	762	542	586	470	747	385	193	700	622	557	725	607	488	627	40	537	650	574	237	412	941	
288	153	381	530	492	339	343	628	341	586	380	108	771	52	417	157	533	366	481	295	504	712	397	637	487	209	619	523	172	611	661	578	0	171	256	571	100	355	498	80	654	581	705	565	21	324	660	615	381	127	145	469	244	437	495	400	670	193	476	699	374	372	438	554	319	670	490	669	617	120	593	466	134	631	580	197	464	117	455	575	547	499	232	361	469	489	411	68	605	881	573	232	565	512	720	261	84	275	499	472	374	574	663	656	316	652	748	352	494	622	441	684	268	802	767	428	784	568	589	465	255	63	654	156	364	603	672	196	772	393	575	118	747	710	195	149	351	430	416	545	561	364	284	408	591	447	262	707	445	202	586	55	250	690	508	589	324	257	410	423	473	344	661	452	380	497	242	437	277	289	175	512	662	87	472	588	490	431	275	432	560	497	22	444	278	696	515	454	623	545	400	121	607	742	148	624	511	272	562	100	503	742	362	166	650	
406	180	315	522	559	370	226	735	424	466	227	170	783	221	377	321	446	214	476	368	648	695	511	638	443	369	715	371	293	726	781	446	171	0	94	563	240	192	355	251	700	523	668	407	174	181	641	747	418	285	306	571	382	572	464	273	604	196	320	697	352	437	447	431	166	743	348	712	619	251	720	585	280	592	696	38	461	63	566	532	552	597	319	512	362	570	328	231	638	862	557	368	439	619	699	380	213	436	522	347	518	699	644	738	386	696	776	406	382	647	453	766	114	780	723	268	763	706	680	586	92	200	613	268	519	557	732	367	730	230	443	272	718	733	365	195	382	507	342	462	551	344	387	549	580	575	430	657	301	373	685	200	382	636	362	507	229	93	525	402	551	444	777	453	510	563	235	273	440	224	327	429	754	156	437	499	386	456	440	409	661	475	190	475	439	696	565	474	702	524	298	280	650	736	300	659	529	389	438	205	577	742	212	92	778	
451	214	265	491	569	370	153	763	449	380	134	224	755	303	336	411	377	121	449	392	700	653	549	609	397	440	736	277	387	758	815	356	256	94	0	530	308	99	263	336	693	466	618	313	255	94	601	790	417	377	379	600	439	620	424	189	541	212	226	664	325	452	431	345	74	750	256	704	591	345	760	622	346	543	729	60	436	157	600	483	528	623	354	572	285	587	267	320	625	817	521	425	351	649	656	426	306	506	509	262	574	739	603	751	407	688	758	416	301	630	437	778	28	734	668	174	719	754	699	626	3	272	561	320	582	505	731	449	675	137	354	343	671	713	451	233	382	524	284	394	519	319	424	601	546	619	505	599	210	454	709	274	436	578	269	438	172	5	562	371	566	476	809	431	557	572	234	181	510	189	395	361	773	218	396	427	310	447	514	377	686	439	273	469	509	664	565	462	713	486	227	371	643	701	392	647	512	434	352	265	590	708	119	117	818	
413	422	270	41	248	239	397	455	316	390	492	464	225	567	195	676	263	487	90	319	568	142	401	80	149	551	402	510	739	479	533	439	571	563	530	0	504	533	463	590	227	165	159	565	550	466	91	565	211	669	544	371	472	494	111	407	218	386	521	134	210	266	137	394	494	337	459	228	63	688	531	432	503	113	469	535	106	587	400	113	47	363	373	546	335	298	287	621	152	310	25	468	409	400	151	420	655	572	114	391	517	509	95	366	302	219	242	256	352	135	135	384	505	232	223	531	213	572	366	446	534	517	136	444	568	128	287	631	226	539	433	523	183	196	662	422	229	281	265	251	11	218	376	511	20	468	612	194	459	622	399	527	456	192	477	248	362	535	405	160	283	357	516	119	456	246	337	553	579	343	518	255	411	486	138	274	321	159	602	154	395	91	563	161	575	134	194	135	332	54	340	663	192	173	693	170	96	413	398	476	274	179	483	473	568	
188	127	356	464	398	265	353	528	246	584	413	90	692	68	375	174	510	399	416	205	411	646	297	563	442	132	519	548	239	511	562	585	100	240	308	504	0	400	516	86	564	539	648	597	81	354	595	518	302	164	73	369	147	340	441	412	630	163	508	626	324	281	367	555	356	573	508	579	545	191	494	366	39	577	480	254	399	202	355	525	475	399	141	272	463	391	393	121	521	813	509	134	568	412	656	161	166	197	421	477	281	475	598	558	227	562	663	267	491	540	370	585	312	737	712	466	718	472	490	365	308	41	601	63	278	554	579	160	716	436	581	35	685	627	177	111	276	334	393	520	495	315	186	313	524	348	199	658	466	158	486	46	151	643	528	560	322	310	310	369	377	245	561	385	282	403	204	479	201	275	87	488	562	91	422	565	480	354	206	378	460	439	80	364	201	622	425	378	526	486	396	158	518	669	188	538	434	172	563	48	407	667	394	195	551	
526	293	263	498	613	414	136	820	509	309	53	312	758	401	340	510	336	50	462	454	778	642	617	613	388	532	788	184	485	819	878	276	355	192	99	533	400	0	178	433	719	439	596	215	352	70	592	859	458	476	473	661	522	695	422	138	503	280	129	662	345	504	455	274	49	789	172	728	596	443	828	690	436	525	792	159	451	255	664	466	539	681	426	657	238	638	249	420	646	798	519	508	277	710	642	503	405	596	533	199	655	806	594	795	465	713	771	466	244	647	461	822	88	716	640	76	703	827	750	695	100	366	539	404	668	484	763	546	647	38	274	435	652	725	550	313	424	576	270	354	522	341	495	680	546	691	599	569	130	550	763	369	517	546	182	395	176	99	630	383	616	542	870	450	631	616	288	81	601	217	485	325	821	309	395	379	262	478	606	386	743	442	371	501	600	664	600	488	756	483	198	471	670	696	492	668	533	509	280	355	636	706	52	204	885	
594	392	233	437	613	431	163	835	549	138	130	426	676	535	298	655	213	141	416	500	841	541	665	539	316	640	794	47	646	843	903	97	498	355	263	463	516	178	0	569	679	328	481	106	489	175	499	900	464	625	589	690	609	755	356	106	368	363	72	576	331	527	431	106	189	769	8	684	525	601	867	732	546	419	820	317	411	416	702	369	484	703	495	740	128	649	195	566	601	680	443	596	104	737	538	577	561	699	501	72	731	844	499	785	505	671	705	489	113	594	437	809	240	602	512	116	592	880	755	740	266	491	427	499	756	377	732	674	520	150	97	552	538	659	684	410	437	594	215	230	453	331	556	748	470	744	712	442	53	674	776	497	600	418	15	261	202	265	677	348	626	590	891	416	694	614	344	129	705	258	592	212	820	431	334	238	142	464	715	347	760	381	509	488	703	580	584	466	747	409	151	619	634	602	643	623	495	580	109	467	640	617	143	332	920	
252	197	432	550	477	352	411	587	324	649	456	152	777	34	456	92	585	441	502	288	442	733	357	649	524	141	583	597	155	566	612	646	80	251	336	590	86	433	569	0	645	621	734	641	81	399	681	559	388	78	83	433	197	382	526	469	711	237	552	712	407	363	454	619	395	646	561	661	631	112	539	422	98	662	534	276	485	197	415	609	561	465	225	296	530	465	465	46	604	900	596	187	631	473	742	227	98	203	506	538	314	523	685	628	310	644	746	351	557	624	456	655	346	823	797	505	804	508	558	418	335	84	686	148	296	638	656	115	802	471	642	76	771	711	116	185	362	411	467	596	581	398	260	350	610	396	185	742	517	122	549	75	207	726	580	638	386	336	370	454	452	317	613	471	331	481	282	515	205	344	120	564	628	140	506	640	549	440	199	463	523	524	62	449	206	708	507	464	598	571	461	72	600	755	102	621	520	238	626	121	483	753	437	237	595	
407	528	462	243	171	330	585	271	320	617	685	560	178	632	386	714	488	678	263	359	451	260	336	175	364	557	216	726	800	306	347	663	654	700	693	227	564	719	679	645	0	392	329	784	632	649	251	401	282	719	576	269	473	402	323	608	431	505	731	196	373	282	264	618	674	119	674	17	178	755	372	326	547	324	308	681	271	706	302	339	195	244	423	488	551	200	490	685	77	353	251	475	634	270	275	426	730	551	186	606	454	355	254	158	337	8	114	303	571	92	258	168	672	316	376	732	299	429	192	340	696	591	339	501	510	351	61	645	374	732	658	569	312	104	680	521	318	237	468	477	234	378	387	432	229	371	598	383	666	632	229	601	457	391	694	475	543	698	332	338	203	337	328	270	392	166	466	753	557	507	541	478	208	582	344	502	541	246	582	337	239	298	639	225	553	187	139	231	137	278	542	714	50	221	742	56	187	416	623	554	174	203	673	608	393	
504	428	208	162	395	305	314	613	417	232	390	475	351	592	165	712	115	389	177	398	699	213	521	227	98	619	561	371	754	634	689	284	581	523	466	165	539	439	328	621	392	0	157	422	563	383	173	713	302	697	595	509	551	619	113	301	90	388	395	252	216	372	226	242	411	502	326	392	217	702	679	567	549	91	620	489	186	563	534	52	205	508	435	651	208	442	198	642	317	359	140	543	255	545	210	501	664	655	255	262	627	656	173	530	387	383	390	347	216	300	229	548	438	278	202	417	266	713	524	579	469	539	100	489	672	49	452	688	209	435	279	566	213	346	713	437	300	410	182	98	160	224	462	628	163	596	688	133	338	681	555	549	536	112	340	84	295	471	528	176	424	462	673	202	570	394	340	438	662	303	577	117	574	493	122	110	188	265	682	167	548	131	580	280	658	258	346	249	495	119	243	690	357	275	720	336	241	498	244	500	422	291	387	446	721	
572	552	354	192	401	389	469	589	475	370	547	597	226	708	293	822	269	547	235	474	723	78	559	157	225	706	534	523	876	618	667	425	705	668	618	159	648	596	481	734	329	157	0	570	685	538	81	708	367	812	694	525	629	651	210	459	127	514	550	140	331	425	289	387	567	449	479	322	163	825	675	587	651	76	612	636	251	703	555	136	204	514	525	705	365	450	352	760	271	202	144	624	399	550	67	576	789	730	272	418	676	655	77	485	458	321	285	412	370	243	288	497	590	121	65	574	111	722	502	601	622	656	57	591	727	113	390	784	68	592	421	670	57	249	813	556	380	439	333	252	165	340	534	669	141	624	769	58	494	775	538	666	613	74	493	222	446	623	563	281	437	516	649	267	615	398	463	594	737	444	670	274	535	618	235	247	344	316	759	273	538	209	700	320	733	149	344	293	458	162	399	805	312	142	836	281	254	571	388	615	424	163	544	586	708	
691	477	339	541	719	535	255	941	651	203	185	506	773	608	404	722	308	200	522	601	941	635	767	640	420	726	900	59	700	949	1008	148	565	407	313	565	597	215	106	641	784	422	570	0	560	243	595	1004	570	689	671	794	701	855	461	202	450	453	89	674	437	631	537	182	246	876	112	788	627	658	971	835	630	513	925	372	517	470	806	467	589	808	591	834	233	754	301	631	706	765	545	688	172	842	630	673	619	786	607	178	827	947	596	892	607	776	806	593	213	698	543	916	297	689	594	139	681	981	861	843	315	568	518	588	849	472	838	751	602	177	151	633	626	760	758	497	542	699	322	323	556	437	654	846	572	845	796	526	138	753	882	573	693	503	90	348	299	314	779	454	732	691	997	523	793	720	440	136	792	354	677	311	927	509	439	322	244	571	801	453	866	485	579	594	790	679	691	572	853	511	256	683	739	697	705	728	601	677	182	549	746	713	203	405	1024	
269	134	365	509	471	317	332	609	320	574	374	88	749	48	398	166	517	360	460	273	490	692	378	615	468	198	599	516	191	593	644	568	21	174	255	550	81	352	489	81	632	563	685	560	0	318	639	599	359	140	134	449	228	421	475	390	652	174	470	678	354	350	416	542	314	648	481	647	596	140	576	448	118	611	561	196	443	125	436	555	526	479	211	348	456	467	396	81	583	860	552	215	554	493	699	242	104	265	477	460	360	557	642	635	295	630	726	330	482	600	420	663	264	782	747	424	763	553	569	447	254	43	635	135	352	584	651	194	752	390	564	104	726	688	197	128	329	408	400	529	540	345	264	393	570	429	255	688	437	199	566	35	233	671	500	572	311	256	391	403	452	324	643	431	363	475	223	433	268	273	161	496	642	69	452	572	476	409	267	412	540	476	20	422	268	675	493	432	602	525	387	133	585	720	161	602	489	252	550	78	481	720	356	157	633	
465	238	195	430	543	344	70	751	442	286	59	264	692	365	272	482	287	44	393	387	717	580	552	546	324	484	718	198	471	751	810	264	324	181	94	466	354	70	175	399	649	383	538	243	318	0	529	794	388	451	428	593	466	633	356	95	453	219	154	597	275	435	384	250	28	718	167	658	529	426	763	624	388	465	725	143	381	241	598	406	471	612	364	600	193	568	187	392	576	740	454	452	258	642	581	443	386	546	462	168	597	740	531	725	398	643	703	397	207	578	390	751	67	657	585	114	643	764	680	630	97	325	481	349	613	425	693	507	593	93	261	390	593	657	515	257	354	507	207	304	455	270	432	620	480	627	553	515	121	509	694	329	460	493	184	348	106	98	565	314	546	477	802	380	570	545	221	130	551	147	436	273	752	265	329	335	218	407	559	318	674	375	338	431	550	599	530	418	686	418	140	445	600	632	469	599	463	449	258	307	566	641	40	161	819	
503	508	336	131	321	330	459	508	405	404	547	552	178	657	265	767	287	544	178	410	643	53	483	77	205	642	453	544	828	537	586	457	660	641	601	91	595	592	499	681	251	173	81	595	639	529	0	627	302	759	635	445	563	573	177	459	184	472	563	79	292	355	228	415	558	370	496	246	81	777	594	507	594	85	531	612	195	669	476	130	130	434	465	631	375	370	343	711	190	222	86	558	429	469	60	510	743	662	198	430	601	574	4	406	392	243	222	346	386	163	226	419	574	142	140	581	124	641	421	522	604	606	91	535	654	124	313	722	141	593	452	614	93	181	753	510	320	362	323	272	100	300	466	593	71	545	702	132	504	713	456	617	546	140	512	253	429	606	486	241	357	444	568	209	539	318	422	602	669	418	609	286	454	574	205	281	357	249	692	233	457	166	652	250	665	85	264	225	377	117	395	753	232	104	784	201	180	503	418	565	344	118	540	554	626	
340	575	669	553	318	469	754	135	353	894	849	576	577	569	619	579	771	836	538	406	129	651	242	552	642	420	187	945	688	96	82	925	615	747	790	565	518	859	900	559	401	713	708	1004	599	794	627	0	440	605	477	212	371	178	608	802	781	580	927	591	574	374	497	881	809	298	893	415	545	661	34	169	481	678	96	749	532	718	198	666	518	206	435	269	791	271	711	605	439	754	588	383	898	169	666	367	657	368	458	835	245	57	631	255	398	408	504	411	819	469	492	262	781	717	764	904	699	60	210	164	791	559	699	479	277	689	355	488	764	887	920	497	705	505	521	558	463	312	694	768	565	572	365	209	577	172	408	755	867	473	173	564	367	756	916	785	708	793	228	574	290	316	98	519	237	320	573	923	370	654	442	753	211	591	614	806	793	457	388	579	170	585	593	438	367	582	371	467	265	597	749	602	400	622	619	434	474	358	888	543	291	604	831	674	38	
206	246	231	175	154	48	333	371	115	454	434	281	390	368	179	469	335	424	133	108	404	351	223	262	213	340	333	511	541	379	438	484	381	418	417	211	302	458	464	388	282	302	367	570	359	388	302	440	0	466	335	228	262	320	189	372	386	222	499	325	133	71	79	440	410	332	457	295	244	492	406	278	295	305	356	401	119	424	246	267	175	239	164	349	350	185	271	423	225	514	222	257	457	274	361	209	462	363	118	396	325	383	306	336	91	278	368	46	378	241	78	363	399	441	432	487	421	428	294	289	420	321	330	239	370	296	315	420	435	478	479	316	395	328	452	240	36	129	254	334	203	132	167	327	231	300	402	390	436	410	312	332	246	381	480	359	287	422	231	137	162	160	426	103	269	157	185	507	370	240	307	315	364	303	185	376	352	53	392	143	295	173	369	62	367	321	148	77	298	208	313	460	233	368	490	245	132	204	447	281	179	365	419	326	457	
