0	236	380	380	235	200	487	282	235	397	221	314	292	244	373	105	235	473	48	456	518	262	564	178	413	337	139	404	348	330	245	498	349	458	387	238	503	354	422	52	239	295	349	567	659	354	136	386	193	449	360	508	365	569	551	422	218	220	283	395	397	240	508	292	276	329	457	626	449	583	288	374	525	499	493	325	560	156	436	218	342	108	625	188	98	210	359	44	205	354	242	88	393	308	83	397	217	176	274	169	575	454	520	601	80	445	559	176	439	380	114	160	507	126	244	137	198	159	434	403	383	629	146	328	260	286	447	552	178	178	574	205	385	584	315	301	315	478	525	94	362	544	688	670	655	104	300	377	177	476	71	320	350	377	572	527	186	615	116	505	456	20	273	283	347	204	185	679	557	128	511	163	343	537	644	285	656	203	233	263	614	301	361	94	311	395	448	317	522	597	315	649	394	244	505	167	513	276	697	568	295	646	359	362	486	
236	0	234	380	381	200	575	517	166	621	286	272	504	452	395	336	470	407	230	448	320	52	399	290	350	502	119	402	277	132	341	326	145	386	154	228	555	134	315	187	288	314	389	540	700	540	121	366	423	215	124	363	129	423	419	202	391	321	178	162	487	160	392	483	150	95	286	456	302	372	83	358	403	321	331	140	561	387	488	89	329	129	402	423	173	130	582	265	440	160	320	287	226	442	159	488	126	349	293	309	460	287	477	648	297	311	605	245	211	610	274	108	409	262	138	198	427	295	393	563	230	642	122	160	496	115	345	399	352	316	375	31	557	642	88	141	129	452	502	169	578	355	708	691	673	337	224	592	368	273	173	406	157	570	583	504	137	396	164	443	300	253	277	420	268	63	386	466	367	203	459	78	379	337	457	433	464	357	294	277	591	436	411	265	544	565	538	236	348	650	125	431	348	181	497	266	480	432	725	352	503	452	126	295	568	
380	234	0	235	380	200	465	643	401	677	260	506	550	501	266	445	598	196	402	275	160	275	183	304	155	487	328	246	110	331	561	119	333	173	194	181	415	150	90	330	515	547	280	339	534	544	329	601	516	303	229	133	236	195	185	343	414	306	410	200	397	395	158	503	381	248	80	246	71	237	155	206	169	124	113	98	378	533	362	323	563	308	300	557	282	170	640	423	570	353	543	460	36	410	339	400	360	541	525	513	225	76	272	492	399	76	452	258	324	681	466	328	179	317	372	257	574	327	204	531	11	459	238	374	617	119	120	174	391	338	210	251	541	496	177	94	107	263	308	286	622	173	525	511	491	479	457	632	551	136	350	337	96	579	404	309	366	281	369	229	75	388	196	396	97	204	563	326	187	267	250	287	269	180	267	416	281	558	520	208	389	406	304	346	633	544	438	95	144	499	333	311	580	143	315	286	282	424	547	233	545	273	262	526	454	
380	380	235	0	234	199	230	563	520	525	161	628	406	369	36	387	527	130	423	76	378	432	336	213	101	301	413	24	125	508	618	313	517	131	414	160	183	363	174	349	595	642	64	186	320	365	412	718	422	524	435	270	442	306	274	550	280	182	548	421	172	518	221	344	524	439	291	391	248	454	332	29	240	327	292	298	187	492	127	452	675	371	522	499	300	252	494	422	505	534	609	467	271	224	390	174	481	555	619	548	263	286	146	270	349	223	228	204	539	543	492	425	194	260	503	250	528	241	77	328	246	264	298	541	537	288	171	308	280	235	415	378	347	268	369	269	301	100	144	308	465	373	329	312	294	447	589	472	551	366	394	139	312	399	205	146	470	500	436	148	264	375	112	223	139	320	555	530	384	256	144	387	59	394	437	244	456	584	593	119	234	224	82	298	518	346	206	157	331	274	503	525	710	199	127	216	134	257	345	456	398	453	463	662	219	
235	381	380	234	0	199	257	334	453	301	120	545	176	135	208	185	302	362	284	294	541	427	537	91	316	121	341	252	287	507	474	492	523	358	490	201	288	442	368	238	475	530	175	402	440	167	338	621	194	585	487	470	494	520	491	583	46	74	497	499	171	456	439	123	482	471	458	598	427	617	384	247	459	501	477	384	375	287	229	411	577	295	677	282	217	270	266	263	285	535	475	304	409	73	293	170	425	383	509	394	492	453	377	383	166	410	344	140	587	313	342	361	419	125	452	183	315	87	310	182	388	428	259	522	308	353	378	514	64	66	590	360	177	361	423	350	381	329	363	224	243	550	480	462	450	254	523	253	369	512	288	111	409	201	378	365	400	660	339	382	441	220	186	47	296	320	366	706	564	178	378	340	177	560	635	53	651	417	467	174	440	66	173	143	283	184	218	285	515	375	496	690	626	252	335	115	361	51	484	611	169	645	501	590	258	
200	200	200	199	199	0	375	444	322	483	88	429	356	306	205	247	400	274	234	274	356	252	378	111	213	318	213	224	148	332	423	319	345	259	291	40	360	243	225	158	396	442	193	381	511	367	212	519	315	389	292	317	299	376	355	395	225	129	354	300	287	321	310	317	332	281	280	441	262	430	186	186	328	325	310	186	387	341	292	258	476	172	485	361	106	74	445	244	373	360	413	287	223	250	192	288	285	374	419	358	376	277	327	457	201	253	413	61	395	484	305	226	307	116	308	63	381	130	240	374	206	463	99	357	418	154	248	362	195	144	409	189	374	447	225	152	181	290	339	113	430	373	527	510	492	289	392	442	377	322	197	206	211	400	404	341	271	470	237	307	272	201	87	230	148	136	385	523	387	72	316	190	184	376	467	246	482	398	395	82	430	245	213	147	433	380	338	120	344	457	325	502	511	57	326	90	323	249	541	421	353	473	310	465	368	
487	575	465	230	257	375	0	556	686	432	294	786	352	343	199	441	536	328	536	216	607	627	552	314	325	215	572	222	355	707	730	539	719	340	637	348	83	586	402	480	726	780	191	265	193	266	570	868	429	745	652	489	659	513	478	763	291	273	724	644	91	687	430	287	704	649	521	599	476	681	545	259	447	554	517	520	206	539	104	630	824	525	751	526	444	445	416	519	525	735	729	561	501	188	532	91	652	640	758	651	450	515	287	140	423	450	115	342	757	467	598	589	394	365	677	397	562	329	284	189	476	215	467	733	533	503	392	521	321	309	640	564	223	111	584	488	521	251	247	453	378	598	247	231	225	510	757	377	625	597	530	173	537	289	190	247	632	729	580	323	492	474	301	211	369	511	621	752	609	398	304	559	202	622	651	217	671	675	720	298	275	195	167	393	476	215	39	381	555	128	700	752	869	401	214	333	264	232	243	685	340	670	676	828	14	
282	517	643	563	334	444	556	0	470	212	414	504	209	213	540	197	46	684	290	628	792	538	822	359	631	343	409	583	582	595	347	763	616	676	669	472	609	635	664	333	394	445	509	736	750	306	406	535	141	726	641	761	645	818	795	692	288	382	519	677	488	479	745	269	523	608	723	885	707	861	570	570	765	766	754	602	707	132	558	483	500	388	905	94	369	480	191	253	76	616	366	243	662	378	359	487	470	238	434	286	806	719	708	695	244	696	662	393	713	171	275	427	734	329	493	386	100	331	636	388	648	754	423	582	26	563	683	806	282	331	847	486	354	667	597	575	593	661	697	368	224	814	799	782	773	179	515	236	205	752	345	445	628	301	708	699	436	894	371	709	716	267	486	363	587	485	185	956	827	375	708	441	509	811	911	349	924	266	380	473	774	374	507	297	102	365	523	563	787	684	580	928	561	500	669	368	694	333	799	846	220	915	638	553	562	
235	166	401	520	453	322	686	470	0	625	392	109	526	479	528	337	427	566	197	593	476	136	563	374	507	566	113	543	433	143	199	490	162	546	288	360	681	288	479	215	135	149	514	692	833	588	115	202	421	291	241	529	240	590	585	238	447	414	49	293	594	10	558	526	55	201	451	618	468	518	248	502	570	483	497	306	706	339	613	77	163	160	534	381	241	271	588	236	400	155	173	229	392	524	161	595	40	251	130	201	626	452	632	778	315	477	735	344	268	602	195	97	573	328	34	288	371	367	546	631	397	784	223	116	456	281	509	565	405	388	528	152	616	767	243	307	296	603	653	233	595	514	849	832	814	303	71	610	279	429	168	512	321	611	725	655	53	533	118	602	467	254	409	499	425	207	300	606	525	288	616	132	506	491	614	506	619	243	145	405	744	517	533	312	527	626	647	392	510	778	127	566	190	326	644	353	633	500	864	495	529	606	218	143	681	
397	621	677	525	301	483	432	212	625	0	417	682	126	177	493	291	230	655	428	571	837	656	838	373	615	232	537	538	588	727	542	792	746	654	758	495	504	715	669	437	579	634	461	665	620	170	533	727	204	837	743	771	748	821	791	818	262	373	675	767	394	632	738	181	671	717	756	899	728	912	651	542	758	800	777	666	620	302	472	616	689	501	968	262	450	542	39	389	246	752	557	402	704	302	481	391	613	429	619	471	788	752	656	571	325	711	547	421	831	45	443	557	716	373	639	442	290	352	602	243	684	647	505	726	206	630	679	815	288	339	888	594	209	540	686	634	660	609	632	453	59	849	678	663	658	324	682	56	399	805	469	386	692	143	612	634	581	953	510	671	741	378	487	301	597	573	381	1003	863	433	663	557	466	856	935	280	952	462	565	474	691	301	449	358	112	217	410	584	815	557	713	984	749	540	600	393	638	267	672	904	132	946	748	732	443	
221	286	260	161	120	88	294	414	392	417	0	495	291	244	152	228	375	271	266	236	421	336	422	55	217	234	279	185	173	417	463	374	431	262	377	80	291	328	256	197	447	498	129	347	445	287	278	581	275	477	380	357	387	410	384	483	155	46	429	386	204	393	333	243	409	369	338	484	310	497	273	161	352	382	360	267	339	333	222	335	537	233	557	342	154	162	381	261	351	445	457	307	289	163	244	205	358	394	475	390	392	334	305	389	188	294	346	49	483	425	335	295	320	98	383	104	369	83	225	288	268	409	173	440	387	238	271	401	137	84	470	272	290	376	313	233	264	261	305	162	362	431	470	452	436	286	463	372	390	392	245	121	291	321	351	308	339	539	292	298	323	215	72	144	181	222	394	587	445	106	301	265	123	440	518	162	534	424	443	59	393	158	143	136	385	295	256	166	397	387	409	570	578	134	285	54	296	167	481	491	285	528	398	535	289	
314	272	506	628	545	429	786	504	109	682	495	0	595	553	635	406	466	675	269	701	568	234	662	472	616	652	216	651	542	210	173	589	223	655	375	467	786	383	587	308	111	78	620	801	939	667	218	94	483	351	325	632	323	692	689	286	533	513	99	378	695	112	664	605	129	287	552	714	572	602	352	611	675	581	598	410	814	382	717	184	60	261	609	424	342	380	647	302	443	207	148	281	495	618	254	695	149	267	76	218	732	553	741	884	394	583	840	446	322	654	239	203	681	423	133	391	405	461	655	717	501	892	330	165	495	387	617	666	492	482	618	260	699	871	341	413	400	712	761	333	659	608	956	939	922	359	53	674	299	522	257	613	422	687	833	764	157	612	207	711	570	333	516	592	534	316	321	686	618	389	725	240	611	582	706	597	709	245	127	512	853	611	638	402	577	710	747	501	608	882	198	644	82	435	752	453	742	590	970	578	600	696	296	50	783	
292	504	550	406	176	356	352	209	526	126	291	595	0	52	376	190	199	536	330	458	710	542	712	246	493	137	428	422	463	616	476	665	634	533	635	368	413	591	544	324	501	558	344	559	545	98	425	652	117	718	623	646	628	696	667	703	135	247	575	644	294	532	615	67	568	599	629	774	602	785	528	421	635	673	651	540	520	239	370	507	611	389	842	208	330	418	90	293	199	641	486	316	577	190	373	292	509	365	540	398	667	625	543	492	213	585	462	295	714	137	359	449	595	249	536	318	244	226	483	178	557	558	385	619	189	505	555	690	161	212	761	477	145	463	564	508	535	495	523	334	75	722	598	581	574	240	588	88	339	678	362	271	566	100	517	525	478	826	408	554	614	272	361	184	471	452	327	876	736	309	548	444	347	729	809	164	826	401	489	348	590	188	335	238	124	157	322	457	688	480	602	858	668	414	492	266	526	149	595	777	11	819	630	645	359	
244	452	501	369	135	306	343	213	479	177	244	553	52	0	341	146	192	497	284	426	660	491	667	197	451	133	379	386	417	565	442	617	584	493	583	319	396	539	499	274	462	519	309	531	536	119	376	613	90	666	571	601	576	652	624	652	90	201	527	592	275	484	572	63	520	547	581	728	554	735	476	382	592	625	604	489	497	212	347	457	571	339	791	190	279	366	139	250	184	591	450	277	528	166	324	273	461	334	500	362	627	577	510	481	165	539	448	244	663	181	320	400	554	197	488	266	226	175	445	189	508	540	333	570	189	454	511	645	111	163	712	426	160	454	512	457	483	462	493	283	127	674	585	568	559	204	543	140	311	628	314	239	515	135	496	495	430	776	360	517	567	224	315	153	425	400	301	827	688	258	513	393	311	680	762	137	779	370	451	302	565	162	303	186	149	172	309	409	641	471	552	808	627	363	463	216	494	121	585	727	51	772	578	601	349	
373	395	266	36	208	205	199	540	528	493	152	635	376	341	0	370	506	164	418	88	413	447	373	200	137	267	419	45	156	525	615	349	535	166	440	169	160	389	210	347	595	644	32	199	306	331	417	724	399	549	459	306	466	342	309	572	254	164	559	447	136	527	257	313	536	460	326	427	283	489	354	63	276	362	328	323	187	476	97	462	680	375	557	480	300	265	463	413	486	552	607	459	302	191	391	138	490	546	621	542	297	320	168	253	335	258	209	199	563	512	487	432	229	249	513	249	510	226	111	292	277	259	304	556	514	310	207	344	259	217	451	390	311	247	392	293	325	121	158	308	433	409	322	304	288	433	598	439	540	400	393	106	339	365	200	160	477	536	438	178	299	367	119	192	170	333	543	566	420	254	171	396	32	429	473	212	492	576	593	123	242	191	46	287	490	311	172	183	367	255	520	561	717	214	134	206	153	226	335	491	367	489	485	671	188	
105	336	445	387	185	247	441	197	337	291	228	406	190	146	370	0	153	499	140	458	595	367	625	174	443	260	245	409	389	436	301	565	455	488	482	277	473	445	469	148	316	373	341	569	626	263	242	467	88	551	460	565	465	623	600	527	151	206	386	490	357	343	552	202	381	431	525	688	509	665	379	389	571	569	557	407	551	106	411	324	425	211	712	115	174	283	253	103	126	460	307	132	464	253	189	356	322	200	354	220	615	522	533	568	46	500	529	199	543	275	174	266	544	135	348	188	141	146	453	323	450	610	230	434	172	368	489	609	121	153	649	307	300	546	410	378	399	487	528	175	258	616	664	646	634	69	398	273	184	555	177	291	433	281	557	530	290	700	219	527	518	86	296	229	392	296	180	759	630	178	529	267	338	614	713	225	726	236	305	284	612	246	346	100	207	311	403	367	589	561	421	733	481	302	504	177	521	212	669	651	194	718	462	455	443	
235	470	598	527	302	400	536	46	427	230	375	466	199	192	506	153	0	646	244	594	746	492	779	319	592	326	363	548	541	550	315	718	570	637	622	429	584	589	622	287	358	411	475	704	728	297	360	502	109	680	595	718	599	776	753	647	257	345	476	630	463	436	704	253	480	562	678	842	663	815	523	533	723	722	710	556	677	88	530	438	466	341	859	47	323	434	203	206	29	571	332	199	616	353	312	462	425	203	398	249	766	675	673	673	199	653	638	351	667	193	233	381	694	287	449	341	62	291	598	376	603	727	377	538	28	517	641	762	247	293	801	439	344	646	550	529	547	626	664	321	229	769	775	757	747	133	475	243	171	706	298	414	582	297	679	666	392	848	325	672	672	220	446	336	544	439	152	910	782	331	672	395	474	766	866	323	879	234	344	432	742	347	475	253	118	356	501	520	743	662	534	882	527	455	637	327	660	307	776	800	210	870	591	516	541	
473	407	196	130	362	274	328	684	566	655	271	675	536	497	164	499	646	0	509	111	295	454	225	326	61	431	472	120	133	520	695	224	524	22	390	234	257	346	106	433	662	702	195	143	349	495	472	769	544	498	425	164	431	186	151	539	407	302	585	395	291	562	102	474	557	440	217	271	170	364	338	115	119	240	200	288	188	602	226	491	728	438	435	613	381	298	624	516	622	544	683	561	226	355	463	294	525	648	680	633	133	212	76	314	457	143	280	303	520	673	579	479	67	365	543	336	640	354	53	454	205	267	360	560	658	295	80	193	402	353	319	415	475	325	367	271	295	81	115	388	596	278	332	319	299	553	629	602	649	298	470	269	291	529	216	117	522	411	504	36	185	472	203	353	140	358	656	427	287	344	54	438	189	308	323	374	343	673	663	215	193	355	209	403	645	474	313	173	235	325	520	431	754	245	132	322	89	388	355	373	527	342	457	702	314	
48	230	402	423	284	234	536	290	197	428	266	269	330	284	418	140	244	509	0	498	530	247	585	226	448	384	118	447	381	306	197	516	327	494	384	274	551	357	452	76	191	246	395	609	706	398	115	338	224	435	352	533	356	594	579	402	266	268	246	392	446	203	538	336	243	318	475	647	472	592	293	415	554	516	514	336	605	158	483	194	294	103	629	197	128	231	391	39	215	329	193	59	411	357	71	446	186	141	225	125	606	473	560	649	125	470	607	219	422	407	70	137	539	174	211	174	197	208	473	449	403	675	164	299	272	298	478	575	226	226	586	198	430	632	315	316	326	520	567	122	398	559	735	717	702	112	258	413	149	486	57	368	361	419	617	569	152	621	82	542	477	64	313	332	379	211	162	687	572	167	550	152	389	549	660	334	671	163	184	304	657	350	407	142	334	441	497	348	541	645	291	655	347	273	549	213	554	324	744	575	334	660	347	317	535	
456	448	275	76	294	274	216	628	593	571	236	701	458	426	88	458	594	111	498	0	399	499	336	286	121	340	488	51	177	573	694	329	580	124	465	234	147	417	197	425	670	717	119	111	260	405	487	792	487	576	492	274	499	297	262	607	341	251	620	472	188	591	213	393	594	500	317	382	270	471	394	90	230	345	306	352	113	564	117	523	750	447	542	568	376	323	543	497	574	599	685	543	310	269	466	191	554	630	694	624	237	311	85	216	421	243	177	279	593	593	568	499	178	334	575	326	598	313	73	354	286	194	372	608	601	349	181	305	347	304	428	448	379	221	428	327	357	38	70	384	511	386	260	244	225	519	661	516	626	396	470	188	363	437	135	72	544	518	511	109	286	450	188	274	190	390	629	538	396	332	95	460	120	413	434	294	454	659	669	195	158	271	123	372	575	376	204	216	343	224	570	540	783	268	51	290	67	309	278	478	449	454	521	734	203	
518	320	160	378	541	356	607	792	476	837	421	568	710	660	413	595	746	295	530	399	0	340	116	463	282	647	435	384	264	364	661	71	356	277	195	341	546	188	204	465	606	625	432	428	643	705	437	658	670	267	245	138	248	165	186	330	575	466	469	193	548	468	205	664	439	281	86	150	130	77	240	349	198	55	96	193	482	674	502	403	628	428	144	702	423	311	800	557	717	376	640	590	132	569	461	550	440	663	606	627	241	92	366	609	548	157	575	416	298	840	587	428	243	472	443	408	715	486	327	690	152	558	372	410	767	232	218	138	550	497	55	347	700	620	234	217	203	376	409	425	782	41	620	608	589	621	515	793	678	47	474	494	169	739	511	410	456	123	480	318	114	529	357	557	251	319	693	166	49	418	341	392	421	19	138	577	144	674	613	368	471	566	454	498	789	703	584	256	68	620	372	150	630	298	427	445	383	584	645	78	705	132	277	575	594	
262	52	275	432	427	252	627	538	136	656	336	234	542	491	447	367	492	454	247	499	340	0	429	337	399	548	129	454	327	81	326	355	96	433	155	280	607	152	359	219	267	285	441	589	752	584	132	327	455	188	112	399	114	458	456	161	435	370	136	161	539	128	433	525	106	73	318	482	339	383	119	410	443	348	364	177	612	406	541	66	293	155	405	444	214	182	617	285	462	108	303	300	261	491	180	540	101	352	266	307	500	319	526	700	331	351	657	294	176	642	280	112	452	306	103	245	444	341	443	610	269	693	168	108	518	159	390	432	395	362	392	67	603	694	107	185	167	502	552	209	616	378	759	743	724	359	183	630	374	293	194	457	188	612	634	554	123	402	171	490	336	281	330	468	317	115	393	474	389	249	507	99	431	355	478	480	483	354	276	330	641	485	463	305	573	611	590	286	375	703	73	436	305	233	548	314	530	478	777	361	542	470	100	251	620	
564	399	183	336	537	378	552	822	563	838	422	662	712	667	373	625	779	225	585	336	116	429	0	472	235	630	505	335	249	465	737	73	460	212	299	352	482	279	169	513	687	712	398	340	559	691	506	755	691	382	348	67	352	53	83	442	577	465	563	299	508	556	123	659	533	380	113	63	115	156	316	311	108	81	70	260	399	716	449	487	722	489	225	738	465	354	803	606	751	481	718	644	176	551	520	510	525	724	692	693	134	113	283	531	579	128	501	432	411	848	648	502	161	493	532	438	756	498	269	663	181	470	421	512	797	292	165	32	559	505	108	422	679	546	321	271	271	305	329	469	781	78	527	518	498	662	610	790	734	151	532	468	242	726	428	329	536	200	547	237	108	571	351	543	241	382	747	203	79	448	260	462	389	115	100	564	119	739	693	364	377	549	418	525	806	680	536	260	54	544	472	213	729	323	352	458	303	574	553	174	706	117	381	674	539	
178	290	304	213	91	111	314	359	374	373	55	472	246	197	200	174	319	326	226	286	463	337	472	0	272	212	260	236	225	418	423	420	434	317	400	122	324	352	308	165	413	466	173	398	480	257	258	553	221	493	396	408	402	463	437	492	113	42	415	408	223	376	387	206	398	379	384	535	359	538	293	215	406	427	408	297	385	279	257	325	509	213	595	287	133	179	336	216	296	446	419	261	330	154	217	223	343	348	444	347	447	379	359	423	135	345	381	49	495	377	292	278	374	52	369	92	315	28	279	273	311	451	169	435	333	264	324	452	87	34	514	271	268	406	331	263	292	314	356	140	320	477	509	492	477	233	445	331	340	431	215	142	322	289	395	358	320	579	265	353	370	169	126	130	232	229	343	630	490	89	355	254	168	483	567	143	582	378	408	113	442	147	182	87	333	275	275	213	444	419	408	611	554	167	334	24	348	142	518	530	242	575	410	515	312	
413	350	155	101	316	213	325	631	507	615	217	616	493	451	137	443	592	61	448	121	282	399	235	272	0	398	412	102	73	467	634	214	473	46	347	174	266	300	77	372	601	642	163	191	379	461	411	710	492	457	378	168	385	207	176	493	361	252	528	353	273	503	123	434	500	390	197	290	151	356	286	76	143	229	192	239	223	545	220	433	669	377	426	558	320	238	582	456	567	492	622	500	189	319	402	275	467	588	619	572	176	191	126	337	400	125	299	245	477	629	518	419	103	308	485	275	583	300	49	428	166	305	299	506	605	241	69	207	352	300	315	356	445	343	317	218	245	109	155	327	556	273	371	356	337	495	571	564	589	276	409	235	246	495	249	157	462	403	443	96	167	413	146	314	82	299	597	429	284	284	109	378	155	297	336	336	355	612	602	159	242	318	182	345	597	446	304	114	231	345	466	427	695	184	160	266	132	348	392	360	485	352	409	644	312	
337	502	487	301	121	318	215	343	566	232	234	652	137	133	267	260	326	431	384	340	647	548	630	212	398	0	456	312	385	627	561	593	644	433	610	314	277	561	460	350	572	629	237	433	408	64	453	722	224	706	608	562	615	606	574	704	119	189	611	618	162	569	521	73	598	592	562	688	527	724	504	322	541	603	575	502	389	343	240	528	678	411	787	323	335	390	208	355	318	655	566	391	519	78	405	160	540	459	608	480	565	556	426	355	259	506	325	260	708	259	432	476	495	243	567	304	359	207	378	65	496	422	380	641	320	472	465	604	161	186	693	481	56	326	543	467	498	379	400	342	173	652	461	444	437	326	634	176	438	622	398	162	525	98	383	402	513	768	448	444	541	319	290	90	396	441	430	810	665	299	434	459	243	666	729	72	748	494	563	279	460	81	222	253	261	63	185	391	614	343	616	798	731	368	368	236	406	70	458	720	126	743	623	699	222	
139	119	328	413	341	213	572	409	113	537	279	216	428	379	419	245	363	472	118	488	435	129	505	260	412	456	0	437	338	191	233	433	211	453	272	253	569	252	395	106	190	230	403	591	722	482	3	305	333	317	237	461	240	523	513	285	338	300	155	279	481	115	479	421	142	201	392	564	399	490	194	398	493	430	435	246	600	276	501	79	262	46	521	315	128	174	498	156	333	215	215	171	328	412	55	481	84	230	207	192	548	391	534	667	214	403	624	230	304	519	156	21	488	216	111	175	314	254	446	521	327	677	115	190	389	212	424	501	296	276	490	89	508	655	207	235	235	501	550	119	500	468	741	723	706	230	184	515	249	389	67	398	267	508	618	553	60	515	45	508	401	158	301	386	332	124	267	584	480	174	520	43	395	453	570	395	579	239	192	296	642	405	421	202	448	517	533	299	456	666	176	550	299	227	539	239	533	389	754	471	430	567	229	256	568	
404	402	246	24	252	224	222	583	543	538	185	651	422	386	45	409	548	120	447	51	384	454	335	236	102	312	437	0	140	529	642	317	537	125	430	184	168	380	179	374	619	666	78	162	300	376	436	742	442	540	453	269	461	302	268	568	299	204	572	437	173	542	216	358	547	458	298	387	253	459	352	44	235	331	295	315	163	515	118	475	700	396	528	521	325	275	508	446	527	555	634	491	282	236	414	176	505	579	643	572	253	292	125	251	372	227	209	228	556	558	517	449	186	284	526	275	550	264	68	334	258	241	322	562	557	307	171	305	301	257	418	400	355	251	388	287	319	78	120	333	479	376	306	289	271	470	612	485	575	375	418	152	328	410	181	122	494	506	460	132	269	399	137	238	154	342	579	532	387	281	126	411	75	400	435	258	455	608	617	144	209	237	90	322	535	354	201	175	334	256	525	530	734	221	102	239	112	272	323	462	413	453	481	686	210	
348	277	110	125	287	148	355	582	433	588	173	542	463	417	156	389	541	133	381	177	264	327	249	225	73	385	338	140	0	397	563	207	404	115	290	112	308	240	82	304	528	568	169	262	437	445	338	636	447	400	314	183	322	237	212	430	327	216	454	296	287	429	163	410	427	322	177	311	141	341	217	97	182	217	190	175	288	487	252	359	595	305	407	504	252	164	553	392	515	423	550	435	146	307	330	289	393	521	546	503	228	172	200	391	344	122	350	190	416	598	450	345	159	253	411	211	526	253	116	426	121	369	227	435	556	172	100	227	311	257	308	282	438	392	251	150	180	175	225	258	531	267	436	420	401	435	498	540	525	246	338	229	187	480	311	227	389	387	371	169	155	350	101	296	14	225	533	424	279	220	183	304	159	282	347	317	364	544	529	115	314	304	193	289	558	440	327	41	229	396	395	414	622	111	223	214	203	327	455	340	456	358	344	571	344	
330	132	331	508	507	332	707	595	143	727	417	210	616	565	525	436	550	520	306	573	364	81	465	418	467	627	191	529	397	0	341	393	20	498	168	360	686	188	420	291	276	277	520	658	828	662	194	296	524	148	118	445	115	500	504	97	514	451	114	170	619	133	488	602	90	85	360	512	389	393	181	484	495	383	406	233	685	462	619	112	269	226	399	503	293	262	689	346	521	27	316	353	311	572	246	621	127	390	263	341	551	363	594	778	403	405	735	375	125	710	326	170	511	385	111	325	498	420	513	690	324	767	249	46	578	225	450	473	473	442	411	147	682	772	154	249	225	573	622	287	689	404	833	817	798	419	157	703	416	318	258	538	237	690	708	624	160	402	224	556	383	349	408	548	386	196	437	476	413	329	574	172	510	376	499	560	501	385	288	409	710	565	542	382	639	690	671	357	410	780	16	434	266	310	621	394	599	558	851	368	617	488	87	211	700	
245	341	561	618	474	423	730	347	199	542	463	173	476	442	615	301	315	695	197	694	661	326	737	423	634	561	233	642	563	341	0	664	360	678	482	464	748	473	626	268	67	101	593	803	904	561	232	188	359	490	437	694	437	756	746	434	448	465	232	487	641	208	710	502	251	397	624	795	632	710	423	608	725	661	668	477	802	241	681	260	155	258	730	279	318	401	510	211	296	350	26	170	561	546	232	641	226	113	97	80	779	624	751	846	308	635	805	416	466	508	132	235	718	371	233	367	253	404	664	624	560	872	336	308	342	445	654	734	412	422	715	316	600	828	427	468	466	713	761	310	530	696	933	915	900	237	205	544	143	614	226	565	497	575	815	763	205	728	193	730	634	256	507	521	559	357	162	801	708	361	739	275	586	678	798	520	805	81	53	498	852	539	605	338	431	612	691	526	687	842	326	762	216	451	745	411	747	509	942	688	483	793	416	218	730	
498	326	119	313	492	319	539	763	490	792	374	589	665	617	349	565	718	224	516	329	71	355	73	420	214	593	433	317	207	393	664	0	389	206	229	298	477	206	138	446	614	639	370	357	571	652	434	682	635	318	277	67	281	109	121	375	529	418	490	230	485	482	134	615	460	308	41	131	66	142	243	285	129	16	24	187	410	652	435	414	648	418	212	676	400	287	755	539	690	410	645	576	105	514	451	487	451	654	618	623	176	43	294	538	518	90	504	376	347	798	578	429	172	436	458	377	693	445	257	632	115	487	353	439	737	221	148	81	507	454	102	349	645	549	248	200	198	305	337	403	735	60	548	537	517	598	537	745	666	89	463	435	169	687	439	339	463	189	476	246	51	506	305	503	196	310	679	218	72	387	269	390	360	84	148	524	162	669	620	318	400	511	392	465	752	647	518	207	24	549	400	212	656	263	356	404	311	533	573	149	659	154	310	602	527	
349	145	333	517	523	345	719	616	162	746	431	223	634	584	535	455	570	524	327	580	356	96	460	434	473	644	211	537	404	20	360	389	0	502	162	371	696	187	423	310	294	292	532	664	837	679	214	307	543	130	112	443	108	497	502	77	531	466	130	162	632	152	488	620	108	85	358	506	388	382	187	493	495	379	403	236	692	483	630	132	282	245	386	523	310	274	708	366	542	20	334	373	311	587	265	634	148	410	279	361	551	361	599	787	422	405	744	390	106	730	346	190	512	402	130	341	518	437	519	706	325	774	264	57	598	232	453	470	490	458	402	163	699	783	157	255	229	580	628	304	708	397	840	824	805	439	171	722	436	312	278	551	238	707	715	630	180	389	245	560	382	369	420	564	392	209	457	463	406	345	578	190	521	368	491	576	492	405	306	421	715	581	554	399	659	707	683	364	406	790	36	420	275	321	628	410	605	574	859	357	636	479	79	221	712	
458	386	173	131	358	259	340	676	546	654	262	655	533	493	166	488	637	22	494	124	277	433	212	317	46	433	453	125	115	498	678	206	502	0	368	220	272	324	84	417	643	683	196	165	369	496	453	749	537	476	402	149	409	177	143	517	403	295	564	373	298	542	91	473	536	418	197	262	150	347	317	112	110	222	182	266	209	591	237	471	708	420	418	603	365	279	622	502	613	522	665	546	204	355	446	301	505	633	661	617	133	191	98	332	446	123	298	291	498	670	563	459	62	354	522	321	629	345	57	459	183	289	342	538	649	274	60	182	395	345	303	394	478	343	345	249	273	99	136	372	595	262	353	340	320	541	609	602	635	278	453	270	269	531	237	138	503	394	486	57	165	459	192	352	121	338	643	413	271	330	76	418	189	290	312	373	332	658	645	204	215	355	212	391	640	478	323	154	218	343	498	415	733	227	150	311	110	386	376	355	525	330	434	681	326	
387	154	194	414	490	291	637	669	288	758	377	375	635	583	440	482	622	390	384	465	195	155	299	400	347	610	272	430	290	168	482	229	162	368	0	300	598	51	284	336	422	435	445	533	726	657	275	464	567	110	50	286	53	338	345	151	511	421	276	8	558	279	338	605	247	88	200	344	236	229	107	386	341	217	244	117	571	541	538	222	435	282	250	575	310	220	719	418	592	182	458	441	164	541	313	560	256	502	417	460	396	204	467	680	439	257	640	350	129	751	428	260	366	386	254	317	581	413	397	665	184	653	253	215	647	138	312	310	476	431	243	185	666	682	72	149	116	457	502	308	711	235	719	704	685	490	322	723	522	149	327	485	102	689	597	504	278	246	317	423	227	402	340	521	276	186	540	318	244	325	444	232	434	208	331	538	334	507	431	346	583	535	469	400	689	672	605	256	244	686	178	280	435	244	508	377	477	540	740	206	633	321	82	380	627	
238	228	181	160	201	40	348	472	360	495	80	467	368	319	169	277	429	234	274	234	341	280	352	122	174	314	253	184	112	360	464	298	371	220	300	0	327	250	192	198	437	482	161	340	475	368	252	558	339	404	308	289	315	346	323	416	233	127	390	309	262	358	276	323	366	301	261	415	237	417	200	145	294	305	286	188	347	375	260	293	515	212	476	392	146	97	458	282	403	387	453	326	209	241	233	264	321	413	459	399	340	257	286	422	232	225	378	79	412	500	345	264	270	142	344	101	414	147	199	366	189	424	137	388	446	162	213	334	209	156	392	221	370	414	240	154	186	249	298	154	440	354	489	472	454	323	429	451	415	311	238	185	211	402	365	301	309	459	277	267	248	239	50	224	115	165	423	508	368	110	275	227	150	361	445	242	460	438	436	49	390	236	182	177	454	375	312	92	322	423	353	490	549	56	286	106	282	247	504	410	363	453	329	502	340	
503	555	415	183	288	360	83	609	681	504	291	786	413	396	160	473	584	257	551	147	546	607	482	324	266	277	569	168	308	686	748	477	696	272	598	327	0	547	343	487	737	789	167	182	155	334	568	872	475	708	618	422	626	440	405	732	329	282	715	605	121	681	359	346	693	620	463	526	416	619	514	211	375	492	454	481	123	576	68	619	828	524	689	569	445	425	484	539	570	713	744	583	451	231	536	122	645	667	766	671	373	457	208	98	448	389	56	340	722	535	616	584	322	377	669	395	603	344	219	264	426	145	458	715	585	470	329	451	352	328	576	549	296	86	552	452	484	177	166	453	447	534	191	173	163	541	752	448	655	542	536	184	495	361	109	166	629	666	584	248	432	492	277	249	322	493	654	685	544	398	228	551	176	561	579	261	600	699	732	279	193	236	148	410	537	289	94	341	491	96	680	688	869	375	135	339	186	277	196	625	402	600	645	825	69	
354	134	150	363	442	243	586	635	288	715	328	383	591	539	389	445	589	346	357	417	188	152	279	352	300	561	252	380	240	188	473	206	187	324	51	250	547	0	241	302	417	437	394	488	677	610	254	475	528	160	79	256	85	312	315	193	465	372	284	59	507	280	301	558	254	102	172	331	201	238	65	336	307	197	217	66	524	510	487	215	443	253	272	543	270	174	676	389	559	207	451	415	124	491	286	509	251	482	418	443	364	174	422	631	401	219	590	303	176	710	407	242	327	342	255	273	550	367	349	616	141	606	214	234	613	89	270	285	431	384	242	163	617	631	45	98	65	409	456	270	666	226	672	657	638	458	331	679	500	141	299	434	54	642	549	458	268	264	297	380	194	368	289	472	226	149	517	332	237	282	400	209	383	205	326	489	332	491	425	295	539	486	418	358	650	623	554	206	225	637	194	298	450	194	460	330	431	492	693	219	589	320	112	395	576	
422	315	90	174	368	225	402	664	479	669	256	587	544	499	210	469	622	106	452	197	204	359	169	308	77	460	395	179	82	420	626	138	423	84	284	192	343	241	0	376	585	621	232	249	451	522	396	681	529	392	320	102	327	154	130	434	409	297	493	289	346	474	86	489	464	338	120	229	74	279	240	147	103	152	117	186	291	566	297	402	642	367	348	584	324	224	634	466	596	443	610	508	120	382	396	349	438	593	599	570	154	114	182	411	424	48	374	271	414	680	520	398	94	335	453	288	606	335	124	496	100	372	291	462	638	200	30	146	393	340	240	327	511	419	266	174	195	178	220	330	611	198	437	423	404	514	539	620	598	199	405	300	187	557	319	222	440	326	432	139	90	426	183	373	77	274	608	355	210	298	159	357	223	220	269	394	287	614	588	196	298	379	254	369	641	512	380	104	157	420	421	351	663	179	231	296	194	405	460	283	537	282	353	610	389	
52	187	330	349	238	158	480	333	215	437	197	308	324	274	347	148	287	433	76	425	465	219	513	165	372	350	106	374	304	291	268	446	310	417	336	198	487	302	376	0	250	301	326	535	642	376	103	388	236	402	312	459	316	521	504	380	232	207	260	344	388	218	462	315	248	282	405	576	399	531	236	340	479	447	443	272	534	209	419	183	344	64	573	240	52	159	398	92	257	317	260	131	341	310	54	389	190	217	279	200	530	403	484	585	111	396	543	148	395	423	146	127	463	115	217	99	250	153	398	416	332	606	93	296	311	233	402	502	190	174	521	158	402	570	264	249	263	445	493	46	397	492	667	649	634	156	284	412	222	423	50	308	297	402	548	495	162	563	100	466	405	66	239	285	303	152	233	626	505	93	474	120	319	485	592	291	604	240	246	230	583	303	341	97	356	411	440	272	471	582	278	597	390	197	476	148	479	285	678	515	326	594	313	352	477	
239	288	515	595	475	396	726	394	135	579	447	111	501	462	595	316	358	662	191	670	606	267	687	413	601	572	190	619	528	276	67	614	294	643	422	437	737	417	585	250	0	57	576	777	892	579	190	151	385	424	375	647	375	709	701	367	455	456	165	427	635	144	669	518	186	335	574	744	585	651	371	582	682	609	618	427	781	276	669	202	110	225	669	318	295	364	545	216	336	284	40	184	512	548	204	635	166	156	40	109	737	574	722	835	313	591	793	398	399	548	141	187	679	362	169	346	296	397	634	637	513	854	302	241	386	397	615	685	416	417	659	265	615	820	371	421	416	686	735	287	560	642	917	899	883	260	138	575	189	559	202	556	445	596	796	738	151	668	159	697	586	255	482	523	523	312	210	740	654	341	708	229	569	622	744	524	750	133	15	475	827	541	591	333	471	626	687	489	636	832	261	701	169	416	722	398	719	515	928	628	507	737	353	159	724	
295	314	547	642	530	442	780	445	149	634	498	78	558	519	644	373	411	702	246	717	625	285	712	466	642	629	230	666	568	277	101	639	292	683	435	482	789	437	621	301	57	0	626	822	943	637	231	94	442	422	386	677	385	737	732	360	512	509	162	439	689	157	703	576	189	347	600	767	615	664	396	628	715	632	645	454	829	331	720	224	55	270	676	372	344	404	601	273	390	279	79	242	540	604	253	689	187	208	23	163	771	601	765	887	370	623	844	448	395	602	199	223	715	415	182	395	349	451	677	694	543	903	345	236	439	427	651	713	472	471	676	295	673	872	392	452	443	731	781	336	617	663	966	949	932	317	123	632	240	578	252	609	469	654	845	783	181	677	206	738	614	311	529	578	562	347	260	751	674	391	750	265	618	640	763	581	767	180	68	523	872	596	642	388	525	684	741	529	659	884	263	710	116	457	768	450	763	571	978	640	564	754	360	117	778	
349	389	280	64	175	193	191	509	514	461	129	620	344	309	32	341	475	195	395	119	432	441	398	173	163	237	403	78	169	520	593	370	532	196	445	161	167	394	232	326	576	626	0	229	319	300	402	708	368	553	460	331	468	370	338	572	222	135	548	453	117	514	285	280	525	459	345	453	304	508	354	87	304	382	350	328	212	447	99	452	664	359	575	449	281	258	431	389	455	548	586	434	315	160	372	119	478	521	603	519	328	339	201	263	307	280	220	178	565	480	463	418	258	224	502	231	480	198	142	265	291	279	291	549	482	312	232	370	228	187	472	382	283	254	393	297	330	153	189	290	402	430	340	323	307	405	585	408	514	415	374	74	346	335	222	191	463	555	420	210	319	342	112	160	183	326	516	588	442	234	204	384	11	449	498	180	517	551	572	112	271	160	24	261	458	283	160	192	389	263	514	581	703	211	163	182	185	194	352	509	335	514	485	658	182	
567	540	339	186	402	381	265	736	692	665	347	801	559	531	199	569	704	143	609	111	428	589	340	398	191	433	591	162	262	658	803	357	664	165	533	340	182	488	249	535	777	822	229	0	219	496	590	894	596	642	567	291	574	290	257	682	448	363	716	539	272	690	223	492	689	580	357	370	310	491	477	195	233	373	332	429	65	675	193	620	852	552	562	679	485	421	640	608	684	683	793	654	370	368	573	274	653	742	799	734	212	351	66	197	533	284	176	390	663	691	679	601	185	446	672	435	709	425	146	435	349	130	476	697	710	433	223	308	457	416	444	544	464	218	508	409	435	90	42	492	606	405	191	180	160	631	759	609	738	438	578	292	433	526	92	39	645	537	618	112	324	562	296	377	272	486	741	541	412	442	89	561	231	438	428	395	448	770	776	305	51	371	229	484	679	459	269	303	364	212	657	553	882	366	67	402	59	411	216	503	549	450	598	832	251	
659	700	534	320	440	511	193	750	833	620	445	939	545	536	306	626	728	349	706	260	643	752	559	480	379	408	722	300	437	828	904	571	837	369	726	475	155	677	451	642	892	943	319	219	0	457	721	1026	621	836	752	508	759	509	476	867	478	438	865	732	269	832	440	481	842	758	567	589	519	709	652	344	452	588	547	613	161	727	223	769	982	678	780	717	599	571	606	694	716	855	900	738	568	377	690	270	796	821	921	827	431	561	278	57	602	492	99	495	854	656	772	736	401	532	819	549	752	500	329	377	545	91	610	861	726	607	429	527	504	483	662	696	412	82	688	587	617	272	234	608	567	623	67	59	70	694	903	565	809	648	691	339	623	477	132	232	782	755	738	325	534	648	425	398	450	639	806	760	630	552	302	702	327	655	646	407	667	854	888	428	189	383	302	565	669	403	227	474	580	65	824	772	1022	519	219	494	260	422	52	720	534	669	781	977	187	
354	540	544	365	167	367	266	306	588	170	287	667	98	119	331	263	297	495	398	405	705	584	691	257	461	64	482	376	445	662	561	652	679	496	657	368	334	610	522	376	579	637	300	496	457	0	480	731	207	749	652	624	658	668	637	743	148	241	635	666	224	593	584	61	625	633	620	750	587	782	550	385	604	662	636	552	450	330	302	558	688	439	843	304	369	436	150	365	295	689	569	395	575	141	429	221	566	454	617	481	629	615	490	406	274	567	379	306	750	201	438	503	559	278	593	344	340	245	442	82	553	478	418	671	287	521	528	666	189	226	752	517	47	375	588	518	548	443	464	375	113	712	513	497	491	323	654	114	430	678	420	226	577	34	442	465	537	825	469	508	601	335	348	149	456	482	419	869	725	337	498	491	307	724	791	128	809	489	569	336	521	142	286	281	215	59	240	448	674	392	650	855	744	420	431	280	470	120	508	777	87	804	664	715	275	
136	121	329	412	338	212	570	406	115	533	278	218	425	376	417	242	360	472	115	487	437	132	506	258	411	453	3	436	338	194	232	434	214	453	275	252	568	254	396	103	190	231	402	590	721	480	0	306	329	320	240	462	243	524	513	288	335	298	158	282	479	117	479	419	145	204	393	565	400	492	196	397	493	431	436	247	599	273	499	82	263	44	523	312	125	173	495	153	330	218	215	168	329	409	52	479	86	228	208	190	548	393	534	666	211	403	622	229	307	516	153	24	488	213	114	173	311	251	446	518	328	676	114	193	386	213	424	502	293	273	492	91	505	653	209	236	236	500	550	117	497	469	739	722	705	227	186	512	247	391	64	396	268	505	616	552	62	517	43	507	402	155	300	384	332	125	265	586	482	172	519	44	393	455	572	392	580	237	192	294	641	402	420	200	445	515	531	299	457	664	179	552	301	227	538	237	532	386	753	473	427	569	232	257	566	
386	366	601	718	621	519	868	535	202	727	581	94	652	613	724	467	502	769	338	792	658	327	755	553	710	722	305	742	636	296	188	682	307	749	464	558	872	475	681	388	151	94	708	894	1026	731	306	0	536	428	413	726	411	785	783	361	604	595	192	466	777	207	759	670	221	377	645	806	666	689	446	702	770	673	691	504	905	424	804	278	44	348	691	465	427	472	694	366	482	289	170	336	589	694	337	777	243	299	113	256	826	647	835	970	462	677	927	531	398	695	293	293	775	503	228	477	440	540	748	787	596	982	420	250	529	482	711	759	564	561	707	354	766	957	434	507	494	804	854	418	711	698	1046	1028	1011	412	144	726	330	612	338	696	516	748	923	856	248	695	288	805	663	403	606	669	628	410	350	770	708	474	819	332	699	672	795	672	797	269	163	601	945	687	724	478	618	777	829	595	701	969	286	726	42	527	844	536	835	663	1059	664	659	784	383	86	865	
193	423	516	422	194	315	429	141	421	204	275	483	117	90	399	88	109	544	224	487	670	455	691	221	492	224	333	442	447	524	359	635	543	537	567	339	475	528	529	236	385	442	368	596	621	207	329	536	0	639	547	628	552	684	659	616	148	242	470	576	354	427	609	153	467	519	596	754	576	742	463	430	628	640	625	486	568	123	421	412	496	299	792	99	257	362	166	185	95	548	369	202	538	244	277	353	409	248	425	281	668	592	567	565	127	564	529	259	631	187	245	353	595	199	435	262	135	194	495	280	521	618	314	521	114	448	546	673	141	191	724	394	251	539	495	456	479	520	556	259	176	689	666	649	638	124	480	191	223	633	265	305	512	216	570	558	376	779	305	569	586	174	348	226	452	381	211	836	702	252	567	355	368	690	783	214	797	284	373	335	634	239	367	172	122	263	393	431	659	555	509	812	554	373	529	233	553	198	668	730	124	789	550	533	433	
